>GGGGSGCGSG	1-GGGGSGCGSG	5.426256	-151.138821	0	T:406.0(11.36%),B:156.0(4.37%),P:1e-65	Tpos:74.0,Tstd:38.3,Bpos:72.8,Bstd:41.2,StrandBias:0.2,Multiplicity:1.43
0.037	0.143	0.796	0.024
0.085	0.182	0.682	0.051
0.010	0.195	0.715	0.080
0.007	0.099	0.885	0.009
0.012	0.528	0.436	0.024
0.075	0.164	0.751	0.010
0.023	0.617	0.269	0.091
0.022	0.041	0.890	0.047
0.013	0.401	0.427	0.159
0.021	0.105	0.741	0.133
>CSSCGSCGSS	2-CSSCGSCGSS	-2.227370	-148.161772	0	T:1363.0(38.15%),B:901.0(25.22%),P:1e-64	Tpos:74.7,Tstd:40.5,Bpos:73.6,Bstd:40.3,StrandBias:0.0,Multiplicity:1.84
0.138	0.398	0.225	0.239
0.199	0.369	0.372	0.061
0.181	0.403	0.415	0.001
0.001	0.997	0.001	0.001
0.001	0.001	0.997	0.001
0.112	0.455	0.432	0.001
0.001	0.997	0.001	0.001
0.001	0.001	0.997	0.001
0.001	0.432	0.498	0.069
0.087	0.398	0.334	0.182
>GTCTCGATCT	3-GTCTCGATCT	10.329686	-72.691877	0	T:162.0(4.53%),B:55.0(1.54%),P:1e-31	Tpos:75.8,Tstd:43.9,Bpos:72.9,Bstd:37.5,StrandBias:-0.2,Multiplicity:1.00
0.004	0.004	0.988	0.004
0.001	0.001	0.003	0.995
0.001	0.997	0.001	0.001
0.001	0.001	0.001	0.997
0.001	0.930	0.013	0.056
0.133	0.028	0.838	0.001
0.727	0.271	0.001	0.001
0.113	0.001	0.001	0.885
0.001	0.995	0.001	0.003
0.001	0.001	0.003	0.995
>CCCACGTGCT	4-CCCACGTGCT	8.884450	-56.628996	0	T:39.0(1.09%),B:4.0(0.11%),P:1e-24	Tpos:81.4,Tstd:45.7,Bpos:46.0,Bstd:27.7,StrandBias:0.2,Multiplicity:1.00
0.029	0.866	0.010	0.095
0.029	0.904	0.048	0.019
0.139	0.821	0.019	0.021
0.866	0.010	0.019	0.105
0.048	0.805	0.072	0.075
0.192	0.169	0.446	0.193
0.164	0.019	0.010	0.807
0.030	0.116	0.815	0.039
0.019	0.818	0.085	0.078
0.029	0.078	0.019	0.874
>CTBCCCCTCC	5-CTBCCCCTCC	7.777458	-54.507833	0	T:351.0(9.82%),B:198.0(5.54%),P:1e-23	Tpos:75.0,Tstd:40.0,Bpos:76.0,Bstd:40.4,StrandBias:-0.1,Multiplicity:1.14
0.001	0.997	0.001	0.001
0.001	0.001	0.001	0.997
0.001	0.372	0.262	0.365
0.249	0.749	0.001	0.001
0.001	0.587	0.055	0.357
0.020	0.724	0.001	0.255
0.001	0.931	0.001	0.067
0.225	0.001	0.001	0.773
0.029	0.569	0.001	0.401
0.238	0.614	0.030	0.118
>GGGAGGCWGA	6-GGGAGGCWGA	8.671899	-50.279511	0	T:397.0(11.11%),B:239.0(6.69%),P:1e-21	Tpos:77.9,Tstd:41.3,Bpos:75.4,Bstd:40.3,StrandBias:0.1,Multiplicity:1.11
0.310	0.001	0.546	0.143
0.001	0.001	0.997	0.001
0.201	0.001	0.797	0.001
0.997	0.001	0.001	0.001
0.265	0.001	0.733	0.001
0.190	0.001	0.808	0.001
0.001	0.939	0.001	0.059
0.435	0.001	0.001	0.563
0.291	0.001	0.707	0.001
0.885	0.113	0.001	0.001
>KAAYCMCAGC	7-KAAYCMCAGC	6.925565	-48.373504	0	T:688.0(19.26%),B:483.0(13.52%),P:1e-21	Tpos:73.0,Tstd:40.4,Bpos:75.4,Bstd:40.7,StrandBias:-0.1,Multiplicity:1.27
0.001	0.020	0.501	0.478
0.566	0.016	0.329	0.089
0.600	0.171	0.192	0.037
0.058	0.464	0.078	0.400
0.008	0.643	0.001	0.348
0.411	0.560	0.004	0.025
0.001	0.982	0.001	0.016
0.983	0.001	0.001	0.015
0.020	0.060	0.919	0.001
0.050	0.500	0.282	0.168
>TTACTCTCCG	8-TTACTCTCCG	7.058670	-46.387131	0	T:21.0(0.59%),B:1.0(0.03%),P:1e-20	Tpos:70.0,Tstd:45.1,Bpos:91.0,Bstd:0.0,StrandBias:-0.8,Multiplicity:1.00
0.133	0.100	0.111	0.656
0.098	0.121	0.144	0.637
0.549	0.142	0.124	0.185
0.103	0.645	0.119	0.133
0.148	0.115	0.059	0.678
0.140	0.578	0.112	0.170
0.107	0.105	0.056	0.732
0.122	0.577	0.158	0.143
0.159	0.517	0.106	0.218
0.176	0.174	0.432	0.219
>CACCGTGTTA	9-CACCGTGTTA	8.210343	-44.260176	0	T:53.0(1.48%),B:11.0(0.31%),P:1e-19	Tpos:63.6,Tstd:41.5,Bpos:71.2,Bstd:46.8,StrandBias:0.0,Multiplicity:1.00
0.017	0.981	0.001	0.001
0.981	0.001	0.001	0.017
0.001	0.997	0.001	0.001
0.001	0.839	0.001	0.159
0.001	0.017	0.981	0.001
0.001	0.001	0.001	0.997
0.018	0.001	0.713	0.268
0.001	0.017	0.001	0.981
0.001	0.017	0.001	0.981
0.997	0.001	0.001	0.001
>TGAWCTCGTG	10-TGAWCTCGTG	8.699865	-44.034640	0	T:121.0(3.39%),B:47.0(1.32%),P:1e-19	Tpos:78.7,Tstd:40.7,Bpos:68.7,Bstd:41.3,StrandBias:0.1,Multiplicity:1.04
0.030	0.010	0.030	0.930
0.020	0.059	0.891	0.030
0.911	0.020	0.030	0.039
0.388	0.058	0.030	0.524
0.030	0.891	0.020	0.059
0.049	0.049	0.001	0.901
0.059	0.735	0.069	0.137
0.168	0.260	0.483	0.088
0.049	0.030	0.069	0.852
0.030	0.030	0.900	0.040
>GGAGTTTCAC	11-GGAGTTTCAC	9.305881	-42.666390	0	T:25.0(0.70%),B:2.0(0.06%),P:1e-18	Tpos:74.7,Tstd:35.6,Bpos:74.0,Bstd:13.0,StrandBias:0.1,Multiplicity:1.00
0.001	0.001	0.987	0.011
0.001	0.001	0.997	0.001
0.997	0.001	0.001	0.001
0.001	0.001	0.997	0.001
0.001	0.001	0.001	0.997
0.001	0.001	0.001	0.997
0.001	0.001	0.001	0.997
0.001	0.987	0.011	0.001
0.987	0.001	0.001	0.011
0.001	0.997	0.001	0.001
>TGGAGACARA	12-TGGAGACARA	8.729982	-40.022010	0	T:256.0(7.16%),B:144.0(4.03%),P:1e-17	Tpos:72.9,Tstd:38.7,Bpos:76.1,Bstd:40.4,StrandBias:-0.2,Multiplicity:1.04
0.299	0.001	0.001	0.699
0.192	0.001	0.685	0.122
0.195	0.001	0.803	0.001
0.922	0.001	0.076	0.001
0.001	0.089	0.731	0.179
0.997	0.001	0.001	0.001
0.001	0.741	0.257	0.001
0.997	0.001	0.001	0.001
0.439	0.001	0.559	0.001
0.651	0.001	0.347	0.001
>AGATTAGCAG	13-AGATTAGCAG	8.007436	-39.635943	0	T:73.0(2.04%),B:22.0(0.62%),P:1e-17	Tpos:64.9,Tstd:39.9,Bpos:83.9,Bstd:35.6,StrandBias:-0.7,Multiplicity:1.00
0.927	0.007	0.037	0.029
0.096	0.036	0.839	0.029
0.832	0.029	0.058	0.081
0.137	0.036	0.015	0.812
0.052	0.099	0.084	0.765
0.764	0.056	0.057	0.123
0.060	0.036	0.775	0.129
0.142	0.662	0.070	0.126
0.868	0.015	0.037	0.080
0.140	0.045	0.771	0.044
>TTGTTGTTTT	14-TTGTTGTTTT	9.470578	-36.595425	0	T:184.0(5.15%),B:95.0(2.66%),P:1e-15	Tpos:74.6,Tstd:36.0,Bpos:74.3,Bstd:41.9,StrandBias:0.4,Multiplicity:1.19
0.001	0.033	0.001	0.965
0.001	0.001	0.048	0.950
0.035	0.040	0.797	0.128
0.045	0.001	0.001	0.953
0.001	0.001	0.013	0.985
0.001	0.043	0.841	0.115
0.036	0.001	0.001	0.962
0.019	0.001	0.001	0.979
0.001	0.001	0.297	0.701
0.001	0.001	0.048	0.950
>MKTGCGBGMM	15-MKTGCGBGMM	3.839341	-36.292335	0	T:1100.0(30.79%),B:884.0(24.74%),P:1e-15	Tpos:74.4,Tstd:41.4,Bpos:72.9,Bstd:40.1,StrandBias:0.1,Multiplicity:1.11
0.347	0.362	0.125	0.167
0.157	0.115	0.380	0.348
0.076	0.157	0.208	0.559
0.078	0.322	0.497	0.103
0.293	0.537	0.074	0.096
0.091	0.049	0.533	0.327
0.077	0.314	0.314	0.296
0.339	0.069	0.494	0.098
0.361	0.373	0.132	0.135
0.405	0.329	0.107	0.159
>GGCATGCACC	16-GGCATGCACC	9.329384	-36.138782	0	T:81.0(2.27%),B:28.0(0.78%),P:1e-15	Tpos:72.2,Tstd:42.2,Bpos:76.5,Bstd:37.5,StrandBias:0.7,Multiplicity:1.00
0.212	0.001	0.730	0.057
0.001	0.057	0.941	0.001
0.001	0.660	0.141	0.198
0.604	0.001	0.338	0.057
0.154	0.001	0.001	0.844
0.001	0.115	0.827	0.057
0.397	0.601	0.001	0.001
0.827	0.001	0.057	0.115
0.001	0.997	0.001	0.001
0.001	0.941	0.001	0.057
>MTGAGCTTTA	17-MTGAGCTTTA	9.829125	-26.144523	0	T:14.0(0.39%),B:1.0(0.03%),P:1e-11	Tpos:78.4,Tstd:41.0,Bpos:8.0,Bstd:0.0,StrandBias:0.0,Multiplicity:1.00
0.497	0.495	0.005	0.003
0.025	0.045	0.368	0.562
0.025	0.072	0.900	0.003
0.946	0.001	0.052	0.001
0.025	0.001	0.952	0.022
0.001	0.745	0.022	0.232
0.045	0.092	0.005	0.858
0.068	0.045	0.030	0.857
0.276	0.023	0.205	0.497
0.790	0.052	0.023	0.135
>TGCCCGGTGA	18-TGCCCGGTGA	9.184605	-25.207029	0	T:21.0(0.59%),B:3.0(0.08%),P:1e-10	Tpos:64.5,Tstd:45.3,Bpos:144.0,Bstd:0.0,StrandBias:-0.6,Multiplicity:1.00
0.156	0.001	0.192	0.651
0.018	0.035	0.894	0.053
0.069	0.805	0.091	0.035
0.001	0.842	0.104	0.053
0.196	0.768	0.001	0.035
0.222	0.035	0.651	0.092
0.035	0.001	0.894	0.070
0.106	0.018	0.117	0.759
0.053	0.053	0.859	0.035
0.929	0.017	0.001	0.053
>CTTCGTCTGC	19-CTTCGTCTGC	8.160182	-24.924743	0	T:60.0(1.68%),B:22.0(0.62%),P:1e-10	Tpos:73.0,Tstd:44.2,Bpos:60.1,Bstd:45.9,StrandBias:0.4,Multiplicity:1.00
0.049	0.853	0.039	0.059
0.029	0.068	0.001	0.902
0.011	0.075	0.039	0.875
0.098	0.571	0.179	0.152
0.212	0.041	0.555	0.192
0.030	0.059	0.039	0.872
0.078	0.853	0.030	0.039
0.049	0.001	0.010	0.940
0.049	0.030	0.855	0.066
0.095	0.749	0.096	0.060
>CTAAGGGGAC	20-CTAAGGGGAC	8.640471	-21.417192	0	T:31.0(0.87%),B:8.0(0.22%),P:1e-9	Tpos:77.6,Tstd:41.5,Bpos:94.0,Bstd:29.0,StrandBias:0.1,Multiplicity:1.08
0.035	0.868	0.051	0.046
0.161	0.193	0.017	0.629
0.625	0.170	0.136	0.069
0.889	0.001	0.051	0.059
0.076	0.034	0.872	0.018
0.135	0.009	0.788	0.068
0.093	0.009	0.847	0.051
0.026	0.078	0.853	0.043
0.880	0.060	0.017	0.043
0.046	0.768	0.117	0.069
>RTATATATAT	21-RTATATATAT	9.599941	-20.578106	0	T:92.0(2.57%),B:46.0(1.29%),P:1e-8	Tpos:70.1,Tstd:35.3,Bpos:71.6,Bstd:38.9,StrandBias:-0.1,Multiplicity:2.12
0.434	0.001	0.454	0.111
0.001	0.001	0.026	0.972
0.877	0.009	0.111	0.003
0.001	0.001	0.001	0.997
0.997	0.001	0.001	0.001
0.001	0.001	0.001	0.997
0.950	0.001	0.046	0.003
0.001	0.075	0.001	0.923
0.965	0.009	0.025	0.001
0.038	0.063	0.003	0.896
>CACTCGCTGG	22-CACTCGCTGG	6.940662	-17.420965	0	T:26.0(0.73%),B:7.0(0.20%),P:1e-7	Tpos:77.1,Tstd:43.3,Bpos:62.0,Bstd:30.0,StrandBias:-0.8,Multiplicity:1.00
0.147	0.599	0.126	0.128
0.643	0.133	0.058	0.166
0.130	0.588	0.128	0.154
0.165	0.110	0.068	0.657
0.174	0.471	0.177	0.178
0.176	0.195	0.402	0.227
0.116	0.636	0.125	0.123
0.139	0.054	0.065	0.742
0.123	0.070	0.673	0.134
0.131	0.130	0.588	0.151
>TGGTCCCGGG	23-TGGTCCCGGG	7.041257	-17.420965	0	T:26.0(0.73%),B:7.0(0.20%),P:1e-7	Tpos:72.0,Tstd:40.1,Bpos:60.0,Bstd:17.0,StrandBias:0.3,Multiplicity:1.19
0.132	0.070	0.164	0.634
0.129	0.090	0.634	0.147
0.150	0.137	0.591	0.122
0.112	0.142	0.140	0.606
0.133	0.627	0.103	0.137
0.171	0.611	0.063	0.155
0.192	0.511	0.092	0.205
0.201	0.103	0.521	0.175
0.154	0.055	0.616	0.175
0.120	0.108	0.652	0.120
>GTGTGTGTKT	24-GTGTGTGTKT	8.737777	-14.563888	0	T:121.0(3.39%),B:75.0(2.10%),P:1e-6	Tpos:80.0,Tstd:38.4,Bpos:65.4,Bstd:40.8,StrandBias:-0.3,Multiplicity:1.22
0.001	0.001	0.970	0.028
0.226	0.020	0.045	0.709
0.069	0.001	0.928	0.002
0.006	0.001	0.216	0.777
0.001	0.001	0.997	0.001
0.001	0.001	0.001	0.997
0.001	0.115	0.878	0.006
0.001	0.005	0.001	0.993
0.001	0.001	0.569	0.429
0.001	0.003	0.116	0.880
>WKTGCGTGTG	25-WKTGCGTGTG	9.171289	-13.895968	0	T:27.0(0.76%),B:9.0(0.25%),P:1e-6	Tpos:67.8,Tstd:39.5,Bpos:69.3,Bstd:8.2,StrandBias:1.5,Multiplicity:1.00
0.431	0.001	0.001	0.567
0.216	0.001	0.432	0.351
0.001	0.136	0.351	0.512
0.001	0.001	0.997	0.001
0.001	0.997	0.001	0.001
0.001	0.001	0.997	0.001
0.271	0.001	0.001	0.727
0.001	0.001	0.997	0.001
0.001	0.001	0.001	0.997
0.001	0.351	0.647	0.001
