>WNCTTGNNNNNCAMG	ANAC016(NAC)/col-ANAC016-DAP-Seq(GSE60143)/Homer	6.441480	-6.450571	0	T:1438.0(21.56%),B:2639.5(19.77%),P:1e-2
0.291	0.090	0.196	0.423
0.338	0.233	0.230	0.199
0.001	0.962	0.001	0.036
0.001	0.001	0.391	0.607
0.001	0.001	0.001	0.997
0.121	0.122	0.656	0.101
0.265	0.218	0.239	0.277
0.257	0.216	0.230	0.297
0.228	0.269	0.280	0.224
0.317	0.228	0.217	0.238
0.296	0.238	0.208	0.258
0.101	0.632	0.143	0.124
0.997	0.001	0.001	0.001
0.572	0.426	0.001	0.001
0.064	0.001	0.835	0.100
