>TCTTGAGGTGTG	1-TCTTGAGGTGTG	7.728629	-18.551161	0	T:25.0(7.94%),B:51.7(1.71%),P:1e-8	Tpos:68.7,Tstd:38.1,Bpos:69.5,Bstd:41.7,StrandBias:-0.5,Multiplicity:1.24
0.055	0.055	0.030	0.860
0.085	0.747	0.057	0.111
0.029	0.141	0.001	0.829
0.083	0.166	0.075	0.676
0.158	0.085	0.646	0.111
0.831	0.028	0.030	0.111
0.138	0.001	0.693	0.168
0.055	0.140	0.750	0.055
0.057	0.028	0.111	0.804
0.055	0.001	0.751	0.193
0.083	0.055	0.001	0.861
0.138	0.138	0.566	0.158
>WGAGWGASASWS	2-WGAGWGASASWS	8.783031	-14.535940	0	T:37.0(11.75%),B:132.6(4.40%),P:1e-6	Tpos:80.7,Tstd:28.0,Bpos:79.1,Bstd:49.4,StrandBias:1.1,Multiplicity:1.27
0.506	0.001	0.001	0.492
0.001	0.001	0.997	0.001
0.573	0.001	0.288	0.138
0.001	0.001	0.997	0.001
0.434	0.001	0.001	0.564
0.001	0.001	0.930	0.068
0.792	0.001	0.138	0.069
0.001	0.565	0.433	0.001
0.997	0.001	0.001	0.001
0.001	0.486	0.512	0.001
0.444	0.001	0.001	0.554
0.001	0.507	0.491	0.001
>ATGCAGTGGTGC	3-ATGCAGTGGTGC	12.195083	-14.171833	0	T:12.0(3.81%),B:13.1(0.43%),P:1e-6	Tpos:86.6,Tstd:49.4,Bpos:78.0,Bstd:23.4,StrandBias:1.0,Multiplicity:1.00
0.619	0.162	0.218	0.001
0.001	0.001	0.162	0.836
0.001	0.001	0.997	0.001
0.001	0.997	0.001	0.001
0.836	0.162	0.001	0.001
0.162	0.001	0.675	0.162
0.001	0.001	0.001	0.997
0.001	0.001	0.997	0.001
0.162	0.001	0.836	0.001
0.001	0.117	0.001	0.881
0.117	0.001	0.881	0.001
0.325	0.512	0.001	0.162
>AGCSCSAGCSCG	4-AGCSCSAGCSCG	8.799333	-14.099727	0	T:8.0(2.54%),B:3.1(0.10%),P:1e-6	Tpos:72.8,Tstd:27.8,Bpos:100.8,Bstd:10.8,StrandBias:0.7,Multiplicity:1.00
0.653	0.230	0.107	0.010
0.327	0.106	0.566	0.001
0.220	0.673	0.001	0.106
0.001	0.556	0.435	0.008
0.212	0.663	0.001	0.124
0.106	0.443	0.450	0.001
0.761	0.230	0.001	0.008
0.008	0.106	0.885	0.001
0.106	0.558	0.230	0.106
0.001	0.466	0.532	0.001
0.001	0.893	0.001	0.105
0.107	0.017	0.770	0.106
>CTTTTTTRAAAA	5-CTTTTTTRAAAA	11.004198	-12.603067	0	T:19.0(6.03%),B:45.7(1.51%),P:1e-5	Tpos:70.7,Tstd:23.4,Bpos:95.6,Bstd:46.7,StrandBias:0.4,Multiplicity:1.11
0.001	0.879	0.001	0.119
0.006	0.104	0.001	0.889
0.075	0.001	0.104	0.820
0.104	0.008	0.104	0.784
0.005	0.001	0.001	0.993
0.001	0.001	0.001	0.997
0.400	0.001	0.001	0.598
0.326	0.001	0.416	0.257
0.978	0.001	0.008	0.013
0.715	0.104	0.076	0.105
0.923	0.001	0.001	0.075
0.894	0.001	0.001	0.104
>TCCTTTTCCTTA	6-TCCTTTTCCTTA	11.535566	-12.035872	0	T:7.0(2.22%),B:3.6(0.12%),P:1e-5	Tpos:84.9,Tstd:30.1,Bpos:74.1,Bstd:23.5,StrandBias:-1.0,Multiplicity:1.29
0.112	0.001	0.001	0.886
0.195	0.467	0.113	0.225
0.001	0.886	0.001	0.112
0.001	0.001	0.001	0.997
0.001	0.112	0.001	0.886
0.001	0.001	0.001	0.997
0.001	0.194	0.001	0.804
0.008	0.797	0.113	0.082
0.001	0.880	0.001	0.118
0.001	0.001	0.001	0.997
0.001	0.001	0.112	0.886
0.555	0.234	0.008	0.203
>GTTGTTGTTATT	7-GTTGTTGTTATT	9.689323	-10.496110	0	T:25.0(7.94%),B:87.8(2.91%),P:1e-4	Tpos:80.7,Tstd:23.8,Bpos:85.4,Bstd:33.9,StrandBias:2.0,Multiplicity:1.12
0.062	0.062	0.713	0.163
0.062	0.001	0.125	0.812
0.001	0.001	0.061	0.937
0.001	0.124	0.874	0.001
0.001	0.124	0.001	0.874
0.002	0.001	0.001	0.996
0.108	0.062	0.722	0.108
0.062	0.125	0.001	0.812
0.001	0.001	0.001	0.997
0.509	0.048	0.245	0.198
0.062	0.001	0.125	0.812
0.001	0.001	0.035	0.963
>TGACTGAAATAA	8-TGACTGAAATAA	9.894859	-10.011928	0	T:6.0(1.90%),B:3.1(0.10%),P:1e-4	Tpos:61.5,Tstd:27.1,Bpos:109.5,Bstd:12.8,StrandBias:0.6,Multiplicity:1.00
0.001	0.001	0.001	0.997
0.001	0.001	0.997	0.001
0.917	0.001	0.001	0.081
0.296	0.702	0.001	0.001
0.001	0.001	0.001	0.997
0.001	0.001	0.917	0.081
0.997	0.001	0.001	0.001
0.997	0.001	0.001	0.001
0.773	0.001	0.001	0.225
0.052	0.001	0.143	0.804
0.997	0.001	0.001	0.001
0.997	0.001	0.001	0.001
>TTTTTTTTTTTT	9-TTTTTTTTTTTT	10.759760	-9.159968	0	T:52.0(16.51%),B:281.7(9.34%),P:1e-3	Tpos:69.1,Tstd:23.8,Bpos:73.0,Bstd:49.6,StrandBias:-0.0,Multiplicity:1.22
0.027	0.123	0.165	0.685
0.027	0.160	0.290	0.523
0.028	0.059	0.198	0.715
0.024	0.027	0.221	0.728
0.065	0.028	0.200	0.707
0.068	0.027	0.222	0.683
0.027	0.041	0.247	0.685
0.014	0.041	0.190	0.755
0.001	0.027	0.177	0.795
0.027	0.001	0.159	0.813
0.041	0.014	0.118	0.827
0.054	0.014	0.124	0.808
>CCCCYGCTCCTC	10-CCCCYGCTCCTC	11.000119	-8.938173	0	T:5.0(1.59%),B:2.2(0.07%),P:1e-3	Tpos:63.8,Tstd:24.5,Bpos:85.0,Bstd:0.0,StrandBias:1.6,Multiplicity:1.60
0.034	0.964	0.001	0.001
0.001	0.997	0.001	0.001
0.034	0.964	0.001	0.001
0.001	0.997	0.001	0.001
0.001	0.447	0.001	0.551
0.001	0.001	0.997	0.001
0.001	0.997	0.001	0.001
0.001	0.412	0.001	0.586
0.001	0.997	0.001	0.001
0.001	0.586	0.001	0.412
0.001	0.001	0.412	0.586
0.001	0.997	0.001	0.001
>TATATAWATWAW	11-TATATAWATWAW	10.544922	-7.103971	0	T:23.0(7.30%),B:99.7(3.30%),P:1e-3	Tpos:67.6,Tstd:33.6,Bpos:83.6,Bstd:54.4,StrandBias:0.5,Multiplicity:1.96
0.244	0.183	0.001	0.572
0.997	0.001	0.001	0.001
0.234	0.001	0.001	0.764
0.692	0.001	0.001	0.306
0.073	0.001	0.001	0.925
0.693	0.001	0.001	0.305
0.432	0.145	0.001	0.422
0.663	0.001	0.072	0.264
0.249	0.001	0.001	0.749
0.516	0.001	0.001	0.482
0.773	0.001	0.001	0.225
0.479	0.124	0.064	0.333
>CCTTYYTTYCCT	12-CCTTYYTTYCCT	10.555156	-7.084014	0	T:3.0(0.95%),B:0.9(0.03%),P:1e-3	Tpos:44.3,Tstd:24.1,Bpos:47.0,Bstd:0.0,StrandBias:1.0,Multiplicity:1.00
0.234	0.675	0.001	0.090
0.016	0.613	0.001	0.370
0.141	0.230	0.016	0.613
0.065	0.181	0.017	0.737
0.001	0.535	0.016	0.448
0.082	0.508	0.001	0.409
0.016	0.280	0.033	0.671
0.099	0.225	0.065	0.611
0.001	0.377	0.147	0.474
0.033	0.645	0.016	0.306
0.016	0.564	0.016	0.404
0.127	0.065	0.017	0.791
>CACACACACACA	13-CACACACACACA	13.354307	-5.816374	0	T:17.0(5.40%),B:71.7(2.38%),P:1e-2	Tpos:78.7,Tstd:27.3,Bpos:85.4,Bstd:61.7,StrandBias:1.2,Multiplicity:1.38
0.058	0.875	0.014	0.053
0.954	0.001	0.014	0.031
0.001	0.968	0.008	0.023
0.991	0.001	0.007	0.001
0.001	0.980	0.007	0.012
0.984	0.001	0.014	0.001
0.001	0.964	0.001	0.034
0.969	0.001	0.029	0.001
0.001	0.933	0.001	0.065
0.958	0.001	0.026	0.015
0.001	0.917	0.015	0.067
0.959	0.009	0.023	0.009
>TRTGTTATTTAA	14-TRTGTTATTTAA	13.270589	-4.305905	0	T:3.0(0.95%),B:3.7(0.12%),P:1e-1	Tpos:84.4,Tstd:37.6,Bpos:31.0,Bstd:0.0,StrandBias:0.0,Multiplicity:4.00
0.001	0.001	0.001	0.997
0.500	0.001	0.399	0.100
0.001	0.001	0.001	0.997
0.001	0.001	0.997	0.001
0.001	0.001	0.001	0.997
0.001	0.099	0.001	0.899
0.997	0.001	0.001	0.001
0.001	0.001	0.001	0.997
0.001	0.001	0.001	0.997
0.001	0.001	0.001	0.997
0.997	0.001	0.001	0.001
0.899	0.001	0.001	0.099
