>AAAAAAAA	1-AAAAAAAA	8.236954	-19.799580	0	T:85.0(26.98%),B:410.0(13.59%),P:1e-8	Tpos:71.5,Tstd:23.6,Bpos:74.7,Bstd:51.5,StrandBias:-0.4,Multiplicity:1.14
0.700	0.100	0.100	0.100
0.700	0.100	0.100	0.100
0.700	0.100	0.100	0.100
0.700	0.100	0.100	0.100
0.700	0.100	0.100	0.100
0.700	0.100	0.100	0.100
0.700	0.100	0.100	0.100
0.700	0.100	0.100	0.100
>CCATGGCA	2-CCATGGCA	4.946569	-12.302710	0	T:85.0(26.98%),B:493.8(16.37%),P:1e-5	Tpos:79.1,Tstd:49.0,Bpos:71.4,Bstd:42.4,StrandBias:-0.1,Multiplicity:1.12
0.038	0.859	0.102	0.001
0.048	0.859	0.092	0.001
0.946	0.001	0.052	0.001
0.037	0.043	0.001	0.919
0.001	0.001	0.863	0.135
0.001	0.083	0.915	0.001
0.065	0.907	0.001	0.027
0.841	0.085	0.037	0.037
>TCTGTCTC	3-TCTGTCTC	5.391533	-9.642896	0	T:111.0(35.24%),B:750.0(24.86%),P:1e-4	Tpos:74.2,Tstd:32.1,Bpos:74.6,Bstd:51.8,StrandBias:-0.7,Multiplicity:1.49
0.081	0.001	0.001	0.917
0.001	0.921	0.011	0.067
0.014	0.069	0.001	0.916
0.069	0.320	0.563	0.048
0.023	0.046	0.016	0.915
0.001	0.997	0.001	0.001
0.114	0.001	0.001	0.884
0.044	0.881	0.001	0.074
>AAATAACA	4-AAATAACA	7.463515	-7.224130	0	T:23.0(7.30%),B:98.0(3.25%),P:1e-3	Tpos:78.4,Tstd:39.2,Bpos:73.9,Bstd:48.3,StrandBias:-0.2,Multiplicity:1.48
0.732	0.084	0.183	0.001
0.997	0.001	0.001	0.001
0.961	0.037	0.001	0.001
0.001	0.001	0.001	0.997
0.997	0.001	0.001	0.001
0.997	0.001	0.001	0.001
0.001	0.997	0.001	0.001
0.997	0.001	0.001	0.001
>CCCCCCCC	5-CCCCCCCC	8.880232	-6.750061	0	T:7.0(2.22%),B:13.0(0.43%),P:1e-2	Tpos:72.7,Tstd:18.2,Bpos:50.5,Bstd:40.8,StrandBias:-0.5,Multiplicity:1.17
0.221	0.761	0.001	0.017
0.062	0.936	0.001	0.001
0.052	0.908	0.039	0.001
0.088	0.872	0.001	0.039
0.001	0.871	0.047	0.081
0.001	0.997	0.001	0.001
0.028	0.902	0.045	0.025
0.099	0.855	0.045	0.001
>GTTGTTGT	6-GTTGTTGT	7.291346	-4.076437	0	T:20.0(6.35%),B:109.5(3.63%),P:1e-1	Tpos:81.1,Tstd:30.5,Bpos:81.0,Bstd:38.8,StrandBias:1.3,Multiplicity:1.28
0.001	0.001	0.840	0.158
0.001	0.001	0.035	0.963
0.001	0.001	0.001	0.997
0.070	0.054	0.875	0.001
0.001	0.001	0.001	0.997
0.117	0.001	0.001	0.881
0.001	0.001	0.997	0.001
0.001	0.001	0.001	0.997
>GTGTGTGT	7-GTGTGTGT	7.167297	-3.939027	0	T:32.0(10.16%),B:203.1(6.73%),P:1e-1	Tpos:81.1,Tstd:30.2,Bpos:80.8,Bstd:60.6,StrandBias:-0.5,Multiplicity:1.59
0.001	0.001	0.997	0.001
0.032	0.064	0.001	0.903
0.160	0.001	0.838	0.001
0.001	0.040	0.001	0.958
0.050	0.001	0.948	0.001
0.001	0.010	0.001	0.988
0.001	0.030	0.968	0.001
0.024	0.001	0.001	0.974
>CGCGCGCG	8-CGCGCGCG	8.236954	-2.609761	0	T:2.0(0.63%),B:3.9(0.13%),P:1e-1	Tpos:66.4,Tstd:3.8,Bpos:71.6,Bstd:14.5,StrandBias:0.0,Multiplicity:1.00
0.100	0.700	0.100	0.100
0.100	0.100	0.700	0.100
0.100	0.700	0.100	0.100
0.100	0.100	0.700	0.100
0.100	0.700	0.100	0.100
0.100	0.100	0.700	0.100
0.100	0.700	0.100	0.100
0.100	0.100	0.700	0.100
>TATATATA	9-TATATATA	10.492002	-2.205636	0	T:20.0(6.35%),B:139.7(4.63%),P:1e0	Tpos:70.7,Tstd:28.3,Bpos:65.7,Bstd:63.9,StrandBias:0.0,Multiplicity:2.25
0.001	0.001	0.001	0.997
0.863	0.001	0.001	0.135
0.001	0.001	0.001	0.997
0.997	0.001	0.001	0.001
0.259	0.001	0.001	0.739
0.875	0.001	0.001	0.123
0.001	0.001	0.001	0.997
0.997	0.001	0.001	0.001
