>GTTCTTCCAC	1-GTTCTTCCAC	9.025698	-19.234616	0	T:11.0(3.49%),B:4.2(0.14%),P:1e-8	Tpos:62.6,Tstd:39.3,Bpos:66.8,Bstd:40.6,StrandBias:2.2,Multiplicity:1.00
0.001	0.001	0.997	0.001
0.001	0.001	0.001	0.997
0.001	0.001	0.001	0.997
0.291	0.707	0.001	0.001
0.001	0.001	0.001	0.997
0.001	0.001	0.001	0.997
0.001	0.707	0.001	0.291
0.049	0.949	0.001	0.001
0.707	0.001	0.001	0.291
0.024	0.951	0.001	0.024
>AAAAAAAAAD	2-AAAAAAAAAD	9.257895	-17.136691	0	T:86.0(27.30%),B:443.7(14.71%),P:1e-7	Tpos:73.7,Tstd:24.6,Bpos:73.1,Bstd:50.8,StrandBias:0.4,Multiplicity:1.20
0.789	0.001	0.209	0.001
0.990	0.001	0.001	0.008
0.981	0.001	0.017	0.001
0.938	0.060	0.001	0.001
0.960	0.001	0.038	0.001
0.872	0.001	0.001	0.126
0.691	0.146	0.162	0.001
0.428	0.175	0.209	0.188
0.537	0.001	0.203	0.259
0.364	0.094	0.326	0.217
>TGTTSTTGTT	3-TGTTSTTGTT	9.302586	-14.899915	0	T:29.0(9.21%),B:85.7(2.84%),P:1e-6	Tpos:72.3,Tstd:26.7,Bpos:78.7,Bstd:36.8,StrandBias:0.5,Multiplicity:1.11
0.001	0.001	0.222	0.776
0.001	0.010	0.910	0.079
0.001	0.141	0.001	0.857
0.010	0.001	0.001	0.988
0.087	0.383	0.380	0.150
0.001	0.025	0.001	0.973
0.150	0.001	0.001	0.848
0.229	0.006	0.764	0.001
0.270	0.001	0.110	0.619
0.001	0.001	0.001	0.997
>GCCCTGTTGC	4-GCCCTGTTGC	9.548431	-14.671194	0	T:15.0(4.76%),B:22.2(0.73%),P:1e-6	Tpos:83.2,Tstd:51.2,Bpos:83.3,Bstd:26.9,StrandBias:0.4,Multiplicity:1.07
0.001	0.001	0.997	0.001
0.001	0.997	0.001	0.001
0.410	0.588	0.001	0.001
0.001	0.886	0.112	0.001
0.001	0.001	0.001	0.997
0.001	0.001	0.997	0.001
0.001	0.001	0.423	0.575
0.001	0.001	0.001	0.997
0.001	0.001	0.997	0.001
0.297	0.701	0.001	0.001
>GAGCTACCTC	5-GAGCTACCTC	11.276957	-14.575119	0	T:7.0(2.22%),B:1.6(0.05%),P:1e-6	Tpos:58.5,Tstd:41.6,Bpos:106.8,Bstd:14.0,StrandBias:0.0,Multiplicity:1.00
0.001	0.001	0.997	0.001
0.997	0.001	0.001	0.001
0.001	0.001	0.997	0.001
0.001	0.816	0.182	0.001
0.001	0.132	0.001	0.866
0.683	0.001	0.183	0.133
0.001	0.997	0.001	0.001
0.001	0.997	0.001	0.001
0.182	0.001	0.001	0.816
0.001	0.997	0.001	0.001
>ACTCTGTCTC	6-ACTCTGTCTC	8.973270	-14.374411	0	T:38.0(12.06%),B:139.2(4.61%),P:1e-6	Tpos:68.3,Tstd:31.9,Bpos:68.3,Bstd:40.9,StrandBias:-0.2,Multiplicity:1.13
0.917	0.001	0.081	0.001
0.265	0.626	0.108	0.001
0.001	0.216	0.001	0.782
0.001	0.923	0.001	0.075
0.001	0.001	0.001	0.997
0.002	0.001	0.752	0.245
0.001	0.001	0.001	0.997
0.124	0.721	0.154	0.001
0.381	0.001	0.001	0.617
0.091	0.779	0.001	0.129
>ACTCCAGCCT	7-ACTCCAGCCT	9.230029	-13.987799	0	T:41.0(13.02%),B:160.8(5.33%),P:1e-6	Tpos:77.6,Tstd:49.0,Bpos:70.0,Bstd:42.0,StrandBias:-0.3,Multiplicity:1.07
0.919	0.028	0.001	0.052
0.072	0.886	0.001	0.041
0.001	0.052	0.001	0.946
0.021	0.850	0.128	0.001
0.052	0.935	0.001	0.012
0.946	0.001	0.001	0.052
0.072	0.053	0.803	0.072
0.052	0.946	0.001	0.001
0.052	0.946	0.001	0.001
0.052	0.001	0.001	0.946
>KCACTCACCT	8-KCACTCACCT	10.634989	-11.027802	0	T:6.0(1.90%),B:2.7(0.09%),P:1e-4	Tpos:56.8,Tstd:39.0,Bpos:51.9,Bstd:29.2,StrandBias:-1.0,Multiplicity:1.50
0.001	0.001	0.439	0.559
0.001	0.997	0.001	0.001
0.997	0.001	0.001	0.001
0.001	0.858	0.001	0.140
0.269	0.001	0.001	0.729
0.001	0.997	0.001	0.001
0.805	0.001	0.001	0.193
0.194	0.611	0.001	0.194
0.193	0.805	0.001	0.001
0.001	0.001	0.001	0.997
>TTTTTTTTTT	9-TTTTTTTTTT	10.296193	-10.506567	0	T:50.0(15.87%),B:251.7(8.34%),P:1e-4	Tpos:69.5,Tstd:23.4,Bpos:74.5,Bstd:50.6,StrandBias:0.3,Multiplicity:1.02
0.100	0.100	0.100	0.700
0.100	0.100	0.100	0.700
0.100	0.100	0.100	0.700
0.100	0.100	0.100	0.700
0.100	0.100	0.100	0.700
0.100	0.100	0.100	0.700
0.100	0.100	0.100	0.700
0.100	0.100	0.100	0.700
0.100	0.100	0.100	0.700
0.100	0.100	0.100	0.700
>GAGAGAAAGA	10-GAGAGAAAGA	9.239806	-10.417195	0	T:21.0(6.67%),B:65.6(2.18%),P:1e-4	Tpos:88.6,Tstd:27.4,Bpos:88.1,Bstd:57.9,StrandBias:1.8,Multiplicity:1.24
0.037	0.016	0.847	0.100
0.888	0.048	0.001	0.063
0.214	0.001	0.784	0.001
0.657	0.001	0.305	0.037
0.033	0.016	0.691	0.260
0.997	0.001	0.001	0.001
0.767	0.001	0.184	0.048
0.726	0.049	0.169	0.056
0.001	0.274	0.513	0.212
0.537	0.035	0.046	0.382
>TGTTATTTAA	11-TGTTATTTAA	8.497710	-8.941782	0	T:11.0(3.49%),B:22.1(0.73%),P:1e-3	Tpos:77.6,Tstd:41.5,Bpos:84.6,Bstd:56.4,StrandBias:0.0,Multiplicity:2.00
0.001	0.001	0.001	0.997
0.001	0.001	0.997	0.001
0.001	0.001	0.001	0.997
0.001	0.057	0.078	0.864
0.921	0.077	0.001	0.001
0.001	0.001	0.001	0.997
0.001	0.001	0.001	0.997
0.001	0.001	0.001	0.997
0.876	0.001	0.057	0.066
0.905	0.037	0.001	0.057
>CCTCCCTTCC	12-CCTCCCTTCC	8.514324	-7.893441	0	T:24.0(7.62%),B:99.8(3.31%),P:1e-3	Tpos:47.6,Tstd:30.7,Bpos:63.7,Bstd:45.3,StrandBias:0.9,Multiplicity:1.29
0.001	0.997	0.001	0.001
0.001	0.665	0.001	0.333
0.001	0.332	0.001	0.666
0.031	0.615	0.024	0.330
0.097	0.808	0.001	0.094
0.133	0.679	0.084	0.104
0.014	0.144	0.001	0.841
0.001	0.328	0.001	0.670
0.001	0.997	0.001	0.001
0.001	0.938	0.001	0.060
>ACACACATAC	13-ACACACATAC	11.510776	-7.126259	0	T:7.0(2.22%),B:11.6(0.39%),P:1e-3	Tpos:84.3,Tstd:31.5,Bpos:57.1,Bstd:44.4,StrandBias:-1.0,Multiplicity:1.29
0.997	0.001	0.001	0.001
0.001	0.917	0.001	0.081
0.987	0.001	0.001	0.011
0.001	0.817	0.001	0.181
0.580	0.207	0.006	0.207
0.001	0.958	0.001	0.040
0.969	0.001	0.018	0.012
0.003	0.084	0.001	0.912
0.973	0.012	0.010	0.005
0.001	0.757	0.001	0.241
>ACACCCCACA	14-ACACCCCACA	12.138020	-7.084014	0	T:3.0(0.95%),B:0.6(0.02%),P:1e-3	Tpos:23.0,Tstd:7.3,Bpos:110.0,Bstd:0.0,StrandBias:-1.0,Multiplicity:1.00
0.997	0.001	0.001	0.001
0.001	0.997	0.001	0.001
0.997	0.001	0.001	0.001
0.040	0.958	0.001	0.001
0.256	0.742	0.001	0.001
0.001	0.997	0.001	0.001
0.001	0.997	0.001	0.001
0.703	0.040	0.001	0.256
0.001	0.997	0.001	0.001
0.997	0.001	0.001	0.001
>CCCATAAGDG	15-CCCATAAGDG	7.163440	-6.844556	0	T:27.0(8.57%),B:128.8(4.27%),P:1e-2	Tpos:85.9,Tstd:42.1,Bpos:72.3,Bstd:49.7,StrandBias:0.0,Multiplicity:1.00
0.001	0.884	0.034	0.081
0.001	0.579	0.001	0.419
0.303	0.649	0.047	0.001
0.871	0.001	0.001	0.127
0.365	0.081	0.001	0.553
0.790	0.047	0.162	0.001
0.997	0.001	0.001	0.001
0.131	0.277	0.591	0.001
0.405	0.047	0.282	0.266
0.001	0.047	0.858	0.094
>GSGSGVGSGC	16-GSGSGVGSGC	7.510088	-6.128206	0	T:4.0(1.27%),B:3.7(0.12%),P:1e-2	Tpos:74.0,Tstd:19.3,Bpos:58.4,Bstd:32.4,StrandBias:-0.1,Multiplicity:1.25
0.031	0.090	0.858	0.021
0.149	0.459	0.360	0.032
0.059	0.289	0.584	0.068
0.157	0.414	0.340	0.089
0.061	0.206	0.698	0.035
0.240	0.284	0.362	0.115
0.052	0.179	0.725	0.044
0.126	0.392	0.321	0.161
0.167	0.129	0.608	0.096
0.098	0.623	0.231	0.048
>GTGTGTGTGT	17-GTGTGTGTGT	9.456435	-5.041803	0	T:21.0(6.67%),B:105.8(3.51%),P:1e-2	Tpos:80.6,Tstd:29.7,Bpos:83.9,Bstd:60.8,StrandBias:-0.8,Multiplicity:1.43
0.001	0.001	0.997	0.001
0.021	0.043	0.001	0.935
0.001	0.001	0.997	0.001
0.001	0.075	0.001	0.923
0.084	0.001	0.914	0.001
0.001	0.024	0.017	0.958
0.001	0.017	0.981	0.001
0.001	0.001	0.001	0.997
0.001	0.001	0.997	0.001
0.037	0.001	0.001	0.961
>ATATATATAT	18-ATATATATAT	12.197326	-4.480217	0	T:18.0(5.71%),B:90.4(3.00%),P:1e-1	Tpos:72.1,Tstd:26.2,Bpos:63.7,Bstd:66.3,StrandBias:-0.1,Multiplicity:1.83
0.666	0.001	0.050	0.283
0.001	0.001	0.013	0.985
0.937	0.001	0.001	0.061
0.001	0.001	0.024	0.974
0.997	0.001	0.001	0.001
0.024	0.001	0.016	0.959
0.920	0.001	0.001	0.078
0.001	0.125	0.024	0.850
0.997	0.001	0.001	0.001
0.001	0.001	0.001	0.997
>NNNNNNNNNN	19-NNNNNNNNNN	-nan	0.000000	0	T:0.0(0.00%),B:0.0(0.00%),P:1e0	Tpos:0.0,Tstd:0.0,Bpos:0.0,Bstd:0.0,StrandBias:0.0,Multiplicity:1.00
-nan	-nan	-nan	-nan
-nan	-nan	-nan	-nan
-nan	-nan	-nan	-nan
-nan	-nan	-nan	-nan
-nan	-nan	-nan	-nan
-nan	-nan	-nan	-nan
-nan	-nan	-nan	-nan
-nan	-nan	-nan	-nan
-nan	-nan	-nan	-nan
-nan	-nan	-nan	-nan
>TCTTGAGGTGTG	1-TCTTGAGGTGTG	7.728629	-18.551161	0	T:25.0(7.94%),B:51.7(1.71%),P:1e-8	Tpos:68.7,Tstd:38.1,Bpos:69.5,Bstd:41.7,StrandBias:-0.5,Multiplicity:1.24
0.055	0.055	0.030	0.860
0.085	0.747	0.057	0.111
0.029	0.141	0.001	0.829
0.083	0.166	0.075	0.676
0.158	0.085	0.646	0.111
0.831	0.028	0.030	0.111
0.138	0.001	0.693	0.168
0.055	0.140	0.750	0.055
0.057	0.028	0.111	0.804
0.055	0.001	0.751	0.193
0.083	0.055	0.001	0.861
0.138	0.138	0.566	0.158
>WGAGWGASASWS	2-WGAGWGASASWS	8.783031	-14.535940	0	T:37.0(11.75%),B:132.6(4.40%),P:1e-6	Tpos:80.7,Tstd:28.0,Bpos:79.1,Bstd:49.4,StrandBias:1.1,Multiplicity:1.27
0.506	0.001	0.001	0.492
0.001	0.001	0.997	0.001
0.573	0.001	0.288	0.138
0.001	0.001	0.997	0.001
0.434	0.001	0.001	0.564
0.001	0.001	0.930	0.068
0.792	0.001	0.138	0.069
0.001	0.565	0.433	0.001
0.997	0.001	0.001	0.001
0.001	0.486	0.512	0.001
0.444	0.001	0.001	0.554
0.001	0.507	0.491	0.001
>ATGCAGTGGTGC	3-ATGCAGTGGTGC	12.195083	-14.171833	0	T:12.0(3.81%),B:13.1(0.43%),P:1e-6	Tpos:86.6,Tstd:49.4,Bpos:78.0,Bstd:23.4,StrandBias:1.0,Multiplicity:1.00
0.619	0.162	0.218	0.001
0.001	0.001	0.162	0.836
0.001	0.001	0.997	0.001
0.001	0.997	0.001	0.001
0.836	0.162	0.001	0.001
0.162	0.001	0.675	0.162
0.001	0.001	0.001	0.997
0.001	0.001	0.997	0.001
0.162	0.001	0.836	0.001
0.001	0.117	0.001	0.881
0.117	0.001	0.881	0.001
0.325	0.512	0.001	0.162
>AGCSCSAGCSCG	4-AGCSCSAGCSCG	8.799333	-14.099727	0	T:8.0(2.54%),B:3.1(0.10%),P:1e-6	Tpos:72.8,Tstd:27.8,Bpos:100.8,Bstd:10.8,StrandBias:0.7,Multiplicity:1.00
0.653	0.230	0.107	0.010
0.327	0.106	0.566	0.001
0.220	0.673	0.001	0.106
0.001	0.556	0.435	0.008
0.212	0.663	0.001	0.124
0.106	0.443	0.450	0.001
0.761	0.230	0.001	0.008
0.008	0.106	0.885	0.001
0.106	0.558	0.230	0.106
0.001	0.466	0.532	0.001
0.001	0.893	0.001	0.105
0.107	0.017	0.770	0.106
>CTTTTTTRAAAA	5-CTTTTTTRAAAA	11.004198	-12.603067	0	T:19.0(6.03%),B:45.7(1.51%),P:1e-5	Tpos:70.7,Tstd:23.4,Bpos:95.6,Bstd:46.7,StrandBias:0.4,Multiplicity:1.11
0.001	0.879	0.001	0.119
0.006	0.104	0.001	0.889
0.075	0.001	0.104	0.820
0.104	0.008	0.104	0.784
0.005	0.001	0.001	0.993
0.001	0.001	0.001	0.997
0.400	0.001	0.001	0.598
0.326	0.001	0.416	0.257
0.978	0.001	0.008	0.013
0.715	0.104	0.076	0.105
0.923	0.001	0.001	0.075
0.894	0.001	0.001	0.104
>TCCTTTTCCTTA	6-TCCTTTTCCTTA	11.535566	-12.035872	0	T:7.0(2.22%),B:3.6(0.12%),P:1e-5	Tpos:84.9,Tstd:30.1,Bpos:74.1,Bstd:23.5,StrandBias:-1.0,Multiplicity:1.29
0.112	0.001	0.001	0.886
0.195	0.467	0.113	0.225
0.001	0.886	0.001	0.112
0.001	0.001	0.001	0.997
0.001	0.112	0.001	0.886
0.001	0.001	0.001	0.997
0.001	0.194	0.001	0.804
0.008	0.797	0.113	0.082
0.001	0.880	0.001	0.118
0.001	0.001	0.001	0.997
0.001	0.001	0.112	0.886
0.555	0.234	0.008	0.203
>GTTGTTGTTATT	7-GTTGTTGTTATT	9.689323	-10.496110	0	T:25.0(7.94%),B:87.8(2.91%),P:1e-4	Tpos:80.7,Tstd:23.8,Bpos:85.4,Bstd:33.9,StrandBias:2.0,Multiplicity:1.12
0.062	0.062	0.713	0.163
0.062	0.001	0.125	0.812
0.001	0.001	0.061	0.937
0.001	0.124	0.874	0.001
0.001	0.124	0.001	0.874
0.002	0.001	0.001	0.996
0.108	0.062	0.722	0.108
0.062	0.125	0.001	0.812
0.001	0.001	0.001	0.997
0.509	0.048	0.245	0.198
0.062	0.001	0.125	0.812
0.001	0.001	0.035	0.963
>TGACTGAAATAA	8-TGACTGAAATAA	9.894859	-10.011928	0	T:6.0(1.90%),B:3.1(0.10%),P:1e-4	Tpos:61.5,Tstd:27.1,Bpos:109.5,Bstd:12.8,StrandBias:0.6,Multiplicity:1.00
0.001	0.001	0.001	0.997
0.001	0.001	0.997	0.001
0.917	0.001	0.001	0.081
0.296	0.702	0.001	0.001
0.001	0.001	0.001	0.997
0.001	0.001	0.917	0.081
0.997	0.001	0.001	0.001
0.997	0.001	0.001	0.001
0.773	0.001	0.001	0.225
0.052	0.001	0.143	0.804
0.997	0.001	0.001	0.001
0.997	0.001	0.001	0.001
>TTTTTTTTTTTT	9-TTTTTTTTTTTT	10.759760	-9.159968	0	T:52.0(16.51%),B:281.7(9.34%),P:1e-3	Tpos:69.1,Tstd:23.8,Bpos:73.0,Bstd:49.6,StrandBias:-0.0,Multiplicity:1.22
0.027	0.123	0.165	0.685
0.027	0.160	0.290	0.523
0.028	0.059	0.198	0.715
0.024	0.027	0.221	0.728
0.065	0.028	0.200	0.707
0.068	0.027	0.222	0.683
0.027	0.041	0.247	0.685
0.014	0.041	0.190	0.755
0.001	0.027	0.177	0.795
0.027	0.001	0.159	0.813
0.041	0.014	0.118	0.827
0.054	0.014	0.124	0.808
>CCCCYGCTCCTC	10-CCCCYGCTCCTC	11.000119	-8.938173	0	T:5.0(1.59%),B:2.2(0.07%),P:1e-3	Tpos:63.8,Tstd:24.5,Bpos:85.0,Bstd:0.0,StrandBias:1.6,Multiplicity:1.60
0.034	0.964	0.001	0.001
0.001	0.997	0.001	0.001
0.034	0.964	0.001	0.001
0.001	0.997	0.001	0.001
0.001	0.447	0.001	0.551
0.001	0.001	0.997	0.001
0.001	0.997	0.001	0.001
0.001	0.412	0.001	0.586
0.001	0.997	0.001	0.001
0.001	0.586	0.001	0.412
0.001	0.001	0.412	0.586
0.001	0.997	0.001	0.001
>TATATAWATWAW	11-TATATAWATWAW	10.544922	-7.103971	0	T:23.0(7.30%),B:99.7(3.30%),P:1e-3	Tpos:67.6,Tstd:33.6,Bpos:83.6,Bstd:54.4,StrandBias:0.5,Multiplicity:1.96
0.244	0.183	0.001	0.572
0.997	0.001	0.001	0.001
0.234	0.001	0.001	0.764
0.692	0.001	0.001	0.306
0.073	0.001	0.001	0.925
0.693	0.001	0.001	0.305
0.432	0.145	0.001	0.422
0.663	0.001	0.072	0.264
0.249	0.001	0.001	0.749
0.516	0.001	0.001	0.482
0.773	0.001	0.001	0.225
0.479	0.124	0.064	0.333
>CCTTYYTTYCCT	12-CCTTYYTTYCCT	10.555156	-7.084014	0	T:3.0(0.95%),B:0.9(0.03%),P:1e-3	Tpos:44.3,Tstd:24.1,Bpos:47.0,Bstd:0.0,StrandBias:1.0,Multiplicity:1.00
0.234	0.675	0.001	0.090
0.016	0.613	0.001	0.370
0.141	0.230	0.016	0.613
0.065	0.181	0.017	0.737
0.001	0.535	0.016	0.448
0.082	0.508	0.001	0.409
0.016	0.280	0.033	0.671
0.099	0.225	0.065	0.611
0.001	0.377	0.147	0.474
0.033	0.645	0.016	0.306
0.016	0.564	0.016	0.404
0.127	0.065	0.017	0.791
>CACACACACACA	13-CACACACACACA	13.354307	-5.816374	0	T:17.0(5.40%),B:71.7(2.38%),P:1e-2	Tpos:78.7,Tstd:27.3,Bpos:85.4,Bstd:61.7,StrandBias:1.2,Multiplicity:1.38
0.058	0.875	0.014	0.053
0.954	0.001	0.014	0.031
0.001	0.968	0.008	0.023
0.991	0.001	0.007	0.001
0.001	0.980	0.007	0.012
0.984	0.001	0.014	0.001
0.001	0.964	0.001	0.034
0.969	0.001	0.029	0.001
0.001	0.933	0.001	0.065
0.958	0.001	0.026	0.015
0.001	0.917	0.015	0.067
0.959	0.009	0.023	0.009
>TRTGTTATTTAA	14-TRTGTTATTTAA	13.270589	-4.305905	0	T:3.0(0.95%),B:3.7(0.12%),P:1e-1	Tpos:84.4,Tstd:37.6,Bpos:31.0,Bstd:0.0,StrandBias:0.0,Multiplicity:4.00
0.001	0.001	0.001	0.997
0.500	0.001	0.399	0.100
0.001	0.001	0.001	0.997
0.001	0.001	0.997	0.001
0.001	0.001	0.001	0.997
0.001	0.099	0.001	0.899
0.997	0.001	0.001	0.001
0.001	0.001	0.001	0.997
0.001	0.001	0.001	0.997
0.001	0.001	0.001	0.997
0.997	0.001	0.001	0.001
0.899	0.001	0.001	0.099
>AAAAAAAA	1-AAAAAAAA	8.236954	-19.799580	0	T:85.0(26.98%),B:410.0(13.59%),P:1e-8	Tpos:71.5,Tstd:23.6,Bpos:74.7,Bstd:51.5,StrandBias:-0.4,Multiplicity:1.14
0.700	0.100	0.100	0.100
0.700	0.100	0.100	0.100
0.700	0.100	0.100	0.100
0.700	0.100	0.100	0.100
0.700	0.100	0.100	0.100
0.700	0.100	0.100	0.100
0.700	0.100	0.100	0.100
0.700	0.100	0.100	0.100
>CCATGGCA	2-CCATGGCA	4.946569	-12.302710	0	T:85.0(26.98%),B:493.8(16.37%),P:1e-5	Tpos:79.1,Tstd:49.0,Bpos:71.4,Bstd:42.4,StrandBias:-0.1,Multiplicity:1.12
0.038	0.859	0.102	0.001
0.048	0.859	0.092	0.001
0.946	0.001	0.052	0.001
0.037	0.043	0.001	0.919
0.001	0.001	0.863	0.135
0.001	0.083	0.915	0.001
0.065	0.907	0.001	0.027
0.841	0.085	0.037	0.037
>TCTGTCTC	3-TCTGTCTC	5.391533	-9.642896	0	T:111.0(35.24%),B:750.0(24.86%),P:1e-4	Tpos:74.2,Tstd:32.1,Bpos:74.6,Bstd:51.8,StrandBias:-0.7,Multiplicity:1.49
0.081	0.001	0.001	0.917
0.001	0.921	0.011	0.067
0.014	0.069	0.001	0.916
0.069	0.320	0.563	0.048
0.023	0.046	0.016	0.915
0.001	0.997	0.001	0.001
0.114	0.001	0.001	0.884
0.044	0.881	0.001	0.074
>AAATAACA	4-AAATAACA	7.463515	-7.224130	0	T:23.0(7.30%),B:98.0(3.25%),P:1e-3	Tpos:78.4,Tstd:39.2,Bpos:73.9,Bstd:48.3,StrandBias:-0.2,Multiplicity:1.48
0.732	0.084	0.183	0.001
0.997	0.001	0.001	0.001
0.961	0.037	0.001	0.001
0.001	0.001	0.001	0.997
0.997	0.001	0.001	0.001
0.997	0.001	0.001	0.001
0.001	0.997	0.001	0.001
0.997	0.001	0.001	0.001
>CCCCCCCC	5-CCCCCCCC	8.880232	-6.750061	0	T:7.0(2.22%),B:13.0(0.43%),P:1e-2	Tpos:72.7,Tstd:18.2,Bpos:50.5,Bstd:40.8,StrandBias:-0.5,Multiplicity:1.17
0.221	0.761	0.001	0.017
0.062	0.936	0.001	0.001
0.052	0.908	0.039	0.001
0.088	0.872	0.001	0.039
0.001	0.871	0.047	0.081
0.001	0.997	0.001	0.001
0.028	0.902	0.045	0.025
0.099	0.855	0.045	0.001
>GTTGTTGT	6-GTTGTTGT	7.291346	-4.076437	0	T:20.0(6.35%),B:109.5(3.63%),P:1e-1	Tpos:81.1,Tstd:30.5,Bpos:81.0,Bstd:38.8,StrandBias:1.3,Multiplicity:1.28
0.001	0.001	0.840	0.158
0.001	0.001	0.035	0.963
0.001	0.001	0.001	0.997
0.070	0.054	0.875	0.001
0.001	0.001	0.001	0.997
0.117	0.001	0.001	0.881
0.001	0.001	0.997	0.001
0.001	0.001	0.001	0.997
>GTGTGTGT	7-GTGTGTGT	7.167297	-3.939027	0	T:32.0(10.16%),B:203.1(6.73%),P:1e-1	Tpos:81.1,Tstd:30.2,Bpos:80.8,Bstd:60.6,StrandBias:-0.5,Multiplicity:1.59
0.001	0.001	0.997	0.001
0.032	0.064	0.001	0.903
0.160	0.001	0.838	0.001
0.001	0.040	0.001	0.958
0.050	0.001	0.948	0.001
0.001	0.010	0.001	0.988
0.001	0.030	0.968	0.001
0.024	0.001	0.001	0.974
>CGCGCGCG	8-CGCGCGCG	8.236954	-2.609761	0	T:2.0(0.63%),B:3.9(0.13%),P:1e-1	Tpos:66.4,Tstd:3.8,Bpos:71.6,Bstd:14.5,StrandBias:0.0,Multiplicity:1.00
0.100	0.700	0.100	0.100
0.100	0.100	0.700	0.100
0.100	0.700	0.100	0.100
0.100	0.100	0.700	0.100
0.100	0.700	0.100	0.100
0.100	0.100	0.700	0.100
0.100	0.700	0.100	0.100
0.100	0.100	0.700	0.100
>TATATATA	9-TATATATA	10.492002	-2.205636	0	T:20.0(6.35%),B:139.7(4.63%),P:1e0	Tpos:70.7,Tstd:28.3,Bpos:65.7,Bstd:63.9,StrandBias:0.0,Multiplicity:2.25
0.001	0.001	0.001	0.997
0.863	0.001	0.001	0.135
0.001	0.001	0.001	0.997
0.997	0.001	0.001	0.001
0.259	0.001	0.001	0.739
0.875	0.001	0.001	0.123
0.001	0.001	0.001	0.997
0.997	0.001	0.001	0.001
