>GTTCTTCCAC	1-GTTCTTCCAC	9.025698	-19.234616	0	T:11.0(3.49%),B:4.2(0.14%),P:1e-8	Tpos:62.6,Tstd:39.3,Bpos:66.8,Bstd:40.6,StrandBias:2.2,Multiplicity:1.00
0.001	0.001	0.997	0.001
0.001	0.001	0.001	0.997
0.001	0.001	0.001	0.997
0.291	0.707	0.001	0.001
0.001	0.001	0.001	0.997
0.001	0.001	0.001	0.997
0.001	0.707	0.001	0.291
0.049	0.949	0.001	0.001
0.707	0.001	0.001	0.291
0.024	0.951	0.001	0.024
>AAAAAAAAAD	2-AAAAAAAAAD	9.257895	-17.136691	0	T:86.0(27.30%),B:443.7(14.71%),P:1e-7	Tpos:73.7,Tstd:24.6,Bpos:73.1,Bstd:50.8,StrandBias:0.4,Multiplicity:1.20
0.789	0.001	0.209	0.001
0.990	0.001	0.001	0.008
0.981	0.001	0.017	0.001
0.938	0.060	0.001	0.001
0.960	0.001	0.038	0.001
0.872	0.001	0.001	0.126
0.691	0.146	0.162	0.001
0.428	0.175	0.209	0.188
0.537	0.001	0.203	0.259
0.364	0.094	0.326	0.217
>TGTTSTTGTT	3-TGTTSTTGTT	9.302586	-14.899915	0	T:29.0(9.21%),B:85.7(2.84%),P:1e-6	Tpos:72.3,Tstd:26.7,Bpos:78.7,Bstd:36.8,StrandBias:0.5,Multiplicity:1.11
0.001	0.001	0.222	0.776
0.001	0.010	0.910	0.079
0.001	0.141	0.001	0.857
0.010	0.001	0.001	0.988
0.087	0.383	0.380	0.150
0.001	0.025	0.001	0.973
0.150	0.001	0.001	0.848
0.229	0.006	0.764	0.001
0.270	0.001	0.110	0.619
0.001	0.001	0.001	0.997
>GCCCTGTTGC	4-GCCCTGTTGC	9.548431	-14.671194	0	T:15.0(4.76%),B:22.2(0.73%),P:1e-6	Tpos:83.2,Tstd:51.2,Bpos:83.3,Bstd:26.9,StrandBias:0.4,Multiplicity:1.07
0.001	0.001	0.997	0.001
0.001	0.997	0.001	0.001
0.410	0.588	0.001	0.001
0.001	0.886	0.112	0.001
0.001	0.001	0.001	0.997
0.001	0.001	0.997	0.001
0.001	0.001	0.423	0.575
0.001	0.001	0.001	0.997
0.001	0.001	0.997	0.001
0.297	0.701	0.001	0.001
>GAGCTACCTC	5-GAGCTACCTC	11.276957	-14.575119	0	T:7.0(2.22%),B:1.6(0.05%),P:1e-6	Tpos:58.5,Tstd:41.6,Bpos:106.8,Bstd:14.0,StrandBias:0.0,Multiplicity:1.00
0.001	0.001	0.997	0.001
0.997	0.001	0.001	0.001
0.001	0.001	0.997	0.001
0.001	0.816	0.182	0.001
0.001	0.132	0.001	0.866
0.683	0.001	0.183	0.133
0.001	0.997	0.001	0.001
0.001	0.997	0.001	0.001
0.182	0.001	0.001	0.816
0.001	0.997	0.001	0.001
>ACTCTGTCTC	6-ACTCTGTCTC	8.973270	-14.374411	0	T:38.0(12.06%),B:139.2(4.61%),P:1e-6	Tpos:68.3,Tstd:31.9,Bpos:68.3,Bstd:40.9,StrandBias:-0.2,Multiplicity:1.13
0.917	0.001	0.081	0.001
0.265	0.626	0.108	0.001
0.001	0.216	0.001	0.782
0.001	0.923	0.001	0.075
0.001	0.001	0.001	0.997
0.002	0.001	0.752	0.245
0.001	0.001	0.001	0.997
0.124	0.721	0.154	0.001
0.381	0.001	0.001	0.617
0.091	0.779	0.001	0.129
>ACTCCAGCCT	7-ACTCCAGCCT	9.230029	-13.987799	0	T:41.0(13.02%),B:160.8(5.33%),P:1e-6	Tpos:77.6,Tstd:49.0,Bpos:70.0,Bstd:42.0,StrandBias:-0.3,Multiplicity:1.07
0.919	0.028	0.001	0.052
0.072	0.886	0.001	0.041
0.001	0.052	0.001	0.946
0.021	0.850	0.128	0.001
0.052	0.935	0.001	0.012
0.946	0.001	0.001	0.052
0.072	0.053	0.803	0.072
0.052	0.946	0.001	0.001
0.052	0.946	0.001	0.001
0.052	0.001	0.001	0.946
>KCACTCACCT	8-KCACTCACCT	10.634989	-11.027802	0	T:6.0(1.90%),B:2.7(0.09%),P:1e-4	Tpos:56.8,Tstd:39.0,Bpos:51.9,Bstd:29.2,StrandBias:-1.0,Multiplicity:1.50
0.001	0.001	0.439	0.559
0.001	0.997	0.001	0.001
0.997	0.001	0.001	0.001
0.001	0.858	0.001	0.140
0.269	0.001	0.001	0.729
0.001	0.997	0.001	0.001
0.805	0.001	0.001	0.193
0.194	0.611	0.001	0.194
0.193	0.805	0.001	0.001
0.001	0.001	0.001	0.997
>TTTTTTTTTT	9-TTTTTTTTTT	10.296193	-10.506567	0	T:50.0(15.87%),B:251.7(8.34%),P:1e-4	Tpos:69.5,Tstd:23.4,Bpos:74.5,Bstd:50.6,StrandBias:0.3,Multiplicity:1.02
0.100	0.100	0.100	0.700
0.100	0.100	0.100	0.700
0.100	0.100	0.100	0.700
0.100	0.100	0.100	0.700
0.100	0.100	0.100	0.700
0.100	0.100	0.100	0.700
0.100	0.100	0.100	0.700
0.100	0.100	0.100	0.700
0.100	0.100	0.100	0.700
0.100	0.100	0.100	0.700
>GAGAGAAAGA	10-GAGAGAAAGA	9.239806	-10.417195	0	T:21.0(6.67%),B:65.6(2.18%),P:1e-4	Tpos:88.6,Tstd:27.4,Bpos:88.1,Bstd:57.9,StrandBias:1.8,Multiplicity:1.24
0.037	0.016	0.847	0.100
0.888	0.048	0.001	0.063
0.214	0.001	0.784	0.001
0.657	0.001	0.305	0.037
0.033	0.016	0.691	0.260
0.997	0.001	0.001	0.001
0.767	0.001	0.184	0.048
0.726	0.049	0.169	0.056
0.001	0.274	0.513	0.212
0.537	0.035	0.046	0.382
>TGTTATTTAA	11-TGTTATTTAA	8.497710	-8.941782	0	T:11.0(3.49%),B:22.1(0.73%),P:1e-3	Tpos:77.6,Tstd:41.5,Bpos:84.6,Bstd:56.4,StrandBias:0.0,Multiplicity:2.00
0.001	0.001	0.001	0.997
0.001	0.001	0.997	0.001
0.001	0.001	0.001	0.997
0.001	0.057	0.078	0.864
0.921	0.077	0.001	0.001
0.001	0.001	0.001	0.997
0.001	0.001	0.001	0.997
0.001	0.001	0.001	0.997
0.876	0.001	0.057	0.066
0.905	0.037	0.001	0.057
>CCTCCCTTCC	12-CCTCCCTTCC	8.514324	-7.893441	0	T:24.0(7.62%),B:99.8(3.31%),P:1e-3	Tpos:47.6,Tstd:30.7,Bpos:63.7,Bstd:45.3,StrandBias:0.9,Multiplicity:1.29
0.001	0.997	0.001	0.001
0.001	0.665	0.001	0.333
0.001	0.332	0.001	0.666
0.031	0.615	0.024	0.330
0.097	0.808	0.001	0.094
0.133	0.679	0.084	0.104
0.014	0.144	0.001	0.841
0.001	0.328	0.001	0.670
0.001	0.997	0.001	0.001
0.001	0.938	0.001	0.060
>ACACACATAC	13-ACACACATAC	11.510776	-7.126259	0	T:7.0(2.22%),B:11.6(0.39%),P:1e-3	Tpos:84.3,Tstd:31.5,Bpos:57.1,Bstd:44.4,StrandBias:-1.0,Multiplicity:1.29
0.997	0.001	0.001	0.001
0.001	0.917	0.001	0.081
0.987	0.001	0.001	0.011
0.001	0.817	0.001	0.181
0.580	0.207	0.006	0.207
0.001	0.958	0.001	0.040
0.969	0.001	0.018	0.012
0.003	0.084	0.001	0.912
0.973	0.012	0.010	0.005
0.001	0.757	0.001	0.241
>ACACCCCACA	14-ACACCCCACA	12.138020	-7.084014	0	T:3.0(0.95%),B:0.6(0.02%),P:1e-3	Tpos:23.0,Tstd:7.3,Bpos:110.0,Bstd:0.0,StrandBias:-1.0,Multiplicity:1.00
0.997	0.001	0.001	0.001
0.001	0.997	0.001	0.001
0.997	0.001	0.001	0.001
0.040	0.958	0.001	0.001
0.256	0.742	0.001	0.001
0.001	0.997	0.001	0.001
0.001	0.997	0.001	0.001
0.703	0.040	0.001	0.256
0.001	0.997	0.001	0.001
0.997	0.001	0.001	0.001
>CCCATAAGDG	15-CCCATAAGDG	7.163440	-6.844556	0	T:27.0(8.57%),B:128.8(4.27%),P:1e-2	Tpos:85.9,Tstd:42.1,Bpos:72.3,Bstd:49.7,StrandBias:0.0,Multiplicity:1.00
0.001	0.884	0.034	0.081
0.001	0.579	0.001	0.419
0.303	0.649	0.047	0.001
0.871	0.001	0.001	0.127
0.365	0.081	0.001	0.553
0.790	0.047	0.162	0.001
0.997	0.001	0.001	0.001
0.131	0.277	0.591	0.001
0.405	0.047	0.282	0.266
0.001	0.047	0.858	0.094
>GSGSGVGSGC	16-GSGSGVGSGC	7.510088	-6.128206	0	T:4.0(1.27%),B:3.7(0.12%),P:1e-2	Tpos:74.0,Tstd:19.3,Bpos:58.4,Bstd:32.4,StrandBias:-0.1,Multiplicity:1.25
0.031	0.090	0.858	0.021
0.149	0.459	0.360	0.032
0.059	0.289	0.584	0.068
0.157	0.414	0.340	0.089
0.061	0.206	0.698	0.035
0.240	0.284	0.362	0.115
0.052	0.179	0.725	0.044
0.126	0.392	0.321	0.161
0.167	0.129	0.608	0.096
0.098	0.623	0.231	0.048
>GTGTGTGTGT	17-GTGTGTGTGT	9.456435	-5.041803	0	T:21.0(6.67%),B:105.8(3.51%),P:1e-2	Tpos:80.6,Tstd:29.7,Bpos:83.9,Bstd:60.8,StrandBias:-0.8,Multiplicity:1.43
0.001	0.001	0.997	0.001
0.021	0.043	0.001	0.935
0.001	0.001	0.997	0.001
0.001	0.075	0.001	0.923
0.084	0.001	0.914	0.001
0.001	0.024	0.017	0.958
0.001	0.017	0.981	0.001
0.001	0.001	0.001	0.997
0.001	0.001	0.997	0.001
0.037	0.001	0.001	0.961
>ATATATATAT	18-ATATATATAT	12.197326	-4.480217	0	T:18.0(5.71%),B:90.4(3.00%),P:1e-1	Tpos:72.1,Tstd:26.2,Bpos:63.7,Bstd:66.3,StrandBias:-0.1,Multiplicity:1.83
0.666	0.001	0.050	0.283
0.001	0.001	0.013	0.985
0.937	0.001	0.001	0.061
0.001	0.001	0.024	0.974
0.997	0.001	0.001	0.001
0.024	0.001	0.016	0.959
0.920	0.001	0.001	0.078
0.001	0.125	0.024	0.850
0.997	0.001	0.001	0.001
0.001	0.001	0.001	0.997
>NNNNNNNNNN	19-NNNNNNNNNN	-nan	0.000000	0	T:0.0(0.00%),B:0.0(0.00%),P:1e0	Tpos:0.0,Tstd:0.0,Bpos:0.0,Bstd:0.0,StrandBias:0.0,Multiplicity:1.00
-nan	-nan	-nan	-nan
-nan	-nan	-nan	-nan
-nan	-nan	-nan	-nan
-nan	-nan	-nan	-nan
-nan	-nan	-nan	-nan
-nan	-nan	-nan	-nan
-nan	-nan	-nan	-nan
-nan	-nan	-nan	-nan
-nan	-nan	-nan	-nan
-nan	-nan	-nan	-nan
