>AGWKTGAGAMCA	2-AGWKTGAGAMCA,BestGuess:SeqBias: GA-repeat(0.667)	9.543532	-12.307859	0	T:185.0(5.68%),B:2.5(0.80%),P:1e-5
0.887	0.026	0.013	0.074
0.246	0.015	0.652	0.087
0.543	0.010	0.006	0.441
0.017	0.181	0.414	0.388
0.078	0.135	0.211	0.576
0.087	0.032	0.876	0.005
0.919	0.001	0.025	0.055
0.035	0.049	0.890	0.026
0.875	0.076	0.043	0.006
0.371	0.424	0.013	0.192
0.066	0.853	0.053	0.028
0.728	0.209	0.014	0.049
