>GAGGCCGAGGNN	3-GAGGCCGAGGNN	6.597040	-11.560068	0	T:124.0(3.81%),B:0.8(0.25%),P:1e-5
0.191	0.212	0.416	0.181
0.407	0.162	0.221	0.209
0.166	0.135	0.527	0.172
0.139	0.146	0.583	0.132
0.137	0.587	0.148	0.128
0.165	0.539	0.129	0.167
0.167	0.173	0.515	0.145
0.589	0.121	0.154	0.136
0.130	0.113	0.636	0.121
0.173	0.162	0.515	0.150
0.213	0.343	0.238	0.205
0.231	0.218	0.344	0.206
