>TGASTCAB	1-TGASTCAB	6.502946	-497.133101	0	T:5985.0(44.49%),B:1485.9(22.28%),P:1e-215	Tpos:460.4,Tstd:295.7,Bpos:464.0,Bstd:314.5,StrandBias:0.0,Multiplicity:1.34
0.039	0.173	0.037	0.751
0.055	0.042	0.657	0.246
0.727	0.186	0.086	0.001
0.063	0.533	0.386	0.018
0.032	0.061	0.022	0.885
0.336	0.548	0.067	0.049
0.686	0.018	0.274	0.022
0.116	0.261	0.261	0.362
>TTGAGTCA	2-TTGAGTCA	6.809043	-335.660159	0	T:4691.0(34.87%),B:1187.8(17.81%),P:1e-145	Tpos:450.7,Tstd:309.0,Bpos:458.0,Bstd:279.5,StrandBias:-0.1,Multiplicity:1.06
0.097	0.001	0.069	0.833
0.001	0.001	0.001	0.997
0.001	0.001	0.997	0.001
0.997	0.001	0.001	0.001
0.001	0.001	0.997	0.001
0.001	0.001	0.001	0.997
0.204	0.794	0.001	0.001
0.997	0.001	0.001	0.001
>TGAATCAT	3-TGAATCAT	9.276518	-70.088036	0	T:2082.0(15.48%),B:646.3(9.69%),P:1e-30	Tpos:456.8,Tstd:311.1,Bpos:459.6,Bstd:304.9,StrandBias:0.0,Multiplicity:1.12
0.001	0.020	0.001	0.978
0.001	0.001	0.997	0.001
0.997	0.001	0.001	0.001
0.711	0.001	0.001	0.287
0.001	0.001	0.001	0.997
0.001	0.997	0.001	0.001
0.997	0.001	0.001	0.001
0.001	0.238	0.001	0.760
>GGAATGTA	4-GGAATGTA	6.622117	-51.340010	0	T:5009.0(37.23%),B:2018.6(30.27%),P:1e-22	Tpos:462.4,Tstd:354.6,Bpos:455.4,Bstd:331.8,StrandBias:-0.0,Multiplicity:1.31
0.001	0.024	0.974	0.001
0.001	0.001	0.922	0.076
0.911	0.001	0.055	0.033
0.997	0.001	0.001	0.001
0.001	0.021	0.020	0.958
0.001	0.023	0.811	0.165
0.001	0.108	0.075	0.816
0.709	0.152	0.109	0.030
>ACTAGTAG	5-ACTAGTAG	4.948473	-27.586146	0	T:1470.0(10.93%),B:522.2(7.83%),P:1e-11	Tpos:455.9,Tstd:372.1,Bpos:466.4,Bstd:353.0,StrandBias:0.0,Multiplicity:1.09
0.997	0.001	0.001	0.001
0.001	0.997	0.001	0.001
0.001	0.001	0.001	0.997
0.997	0.001	0.001	0.001
0.001	0.001	0.997	0.001
0.001	0.001	0.001	0.997
0.848	0.051	0.030	0.071
0.084	0.069	0.774	0.073
>TCCACCTC	6-TCCACCTC	6.462339	-27.088443	0	T:6157.0(45.77%),B:2707.5(40.60%),P:1e-11	Tpos:484.3,Tstd:440.2,Bpos:475.3,Bstd:388.0,StrandBias:0.1,Multiplicity:1.57
0.041	0.001	0.350	0.608
0.161	0.837	0.001	0.001
0.158	0.580	0.176	0.086
0.806	0.001	0.192	0.001
0.123	0.627	0.068	0.182
0.001	0.997	0.001	0.001
0.001	0.095	0.146	0.758
0.190	0.782	0.001	0.027
>ACCTAGGT	7-ACCTAGGT	7.394012	-21.497377	0	T:1821.0(13.54%),B:702.4(10.53%),P:1e-9	Tpos:462.3,Tstd:388.8,Bpos:482.0,Bstd:376.9,StrandBias:0.0,Multiplicity:1.09
0.945	0.001	0.053	0.001
0.065	0.933	0.001	0.001
0.001	0.997	0.001	0.001
0.001	0.001	0.084	0.914
0.844	0.001	0.154	0.001
0.001	0.040	0.842	0.117
0.265	0.001	0.733	0.001
0.164	0.001	0.001	0.834
>TGGDDBGC	8-TGGDDBGC	5.086235	-19.153343	0	T:5277.0(39.23%),B:2338.0(35.06%),P:1e-8	Tpos:448.1,Tstd:388.8,Bpos:439.4,Bstd:343.2,StrandBias:0.0,Multiplicity:1.50
0.031	0.153	0.253	0.563
0.232	0.149	0.472	0.147
0.001	0.028	0.970	0.001
0.305	0.080	0.327	0.288
0.386	0.040	0.292	0.282
0.045	0.269	0.329	0.358
0.156	0.199	0.490	0.154
0.049	0.613	0.012	0.326
>GTTCAAGC	9-GTTCAAGC	7.282235	-18.727778	0	T:3182.0(23.65%),B:1342.0(20.12%),P:1e-8	Tpos:438.1,Tstd:359.9,Bpos:448.1,Bstd:346.6,StrandBias:0.0,Multiplicity:1.19
0.001	0.001	0.997	0.001
0.047	0.001	0.001	0.951
0.001	0.001	0.001	0.997
0.001	0.950	0.048	0.001
0.957	0.001	0.041	0.001
0.937	0.001	0.061	0.001
0.077	0.122	0.735	0.066
0.179	0.742	0.001	0.078
>WCGGCTCA	10-WCGGCTCA	6.581986	-18.467973	0	T:2387.0(17.74%),B:975.9(14.63%),P:1e-8	Tpos:484.5,Tstd:429.6,Bpos:489.3,Bstd:385.7,StrandBias:0.0,Multiplicity:1.13
0.440	0.001	0.033	0.526
0.001	0.828	0.001	0.170
0.051	0.336	0.519	0.094
0.079	0.044	0.832	0.045
0.003	0.930	0.066	0.001
0.002	0.053	0.198	0.747
0.001	0.736	0.003	0.260
0.558	0.375	0.038	0.029
>TAGCCGGG	11-TAGCCGGG	5.587221	-16.352230	0	T:5676.0(42.19%),B:2556.6(38.33%),P:1e-7	Tpos:465.6,Tstd:422.5,Bpos:470.6,Bstd:373.4,StrandBias:0.0,Multiplicity:1.64
0.001	0.001	0.025	0.973
0.909	0.058	0.032	0.001
0.001	0.001	0.997	0.001
0.001	0.914	0.084	0.001
0.063	0.654	0.034	0.249
0.140	0.001	0.858	0.001
0.001	0.043	0.955	0.001
0.092	0.001	0.906	0.001
>CTCTACTA	12-CTCTACTA	9.710643	-15.209444	0	T:1566.0(11.64%),B:621.0(9.31%),P:1e-6	Tpos:410.7,Tstd:335.9,Bpos:424.7,Bstd:329.9,StrandBias:0.0,Multiplicity:1.07
0.001	0.741	0.257	0.001
0.001	0.001	0.001	0.997
0.001	0.997	0.001	0.001
0.001	0.001	0.001	0.997
0.997	0.001	0.001	0.001
0.001	0.997	0.001	0.001
0.001	0.001	0.001	0.997
0.997	0.001	0.001	0.001
>GGTTTCAC	13-GGTTTCAC	9.464872	-11.982533	0	T:1521.0(11.31%),B:620.3(9.30%),P:1e-5	Tpos:428.9,Tstd:373.4,Bpos:449.3,Bstd:343.3,StrandBias:0.0,Multiplicity:1.07
0.001	0.001	0.997	0.001
0.001	0.001	0.997	0.001
0.001	0.001	0.001	0.997
0.001	0.001	0.001	0.997
0.001	0.001	0.201	0.797
0.001	0.997	0.001	0.001
0.997	0.001	0.001	0.001
0.001	0.997	0.001	0.001
>CCTGTAAT	14-CCTGTAAT	7.236339	-10.770903	0	T:3050.0(22.67%),B:1343.3(20.14%),P:1e-4	Tpos:421.5,Tstd:337.8,Bpos:414.5,Bstd:326.1,StrandBias:0.0,Multiplicity:1.37
0.001	0.997	0.001	0.001
0.001	0.997	0.001	0.001
0.077	0.001	0.130	0.792
0.001	0.001	0.997	0.001
0.001	0.001	0.001	0.997
0.997	0.001	0.001	0.001
0.832	0.001	0.166	0.001
0.001	0.001	0.001	0.997
>MTACWAAA	15-MTACWAAA	7.221610	-10.150890	0	T:2410.0(17.91%),B:1046.1(15.69%),P:1e-4	Tpos:419.3,Tstd:344.7,Bpos:408.6,Bstd:335.8,StrandBias:0.0,Multiplicity:1.11
0.550	0.448	0.001	0.001
0.147	0.063	0.126	0.664
0.688	0.204	0.046	0.062
0.070	0.734	0.135	0.061
0.456	0.001	0.001	0.542
0.787	0.054	0.059	0.100
0.519	0.090	0.277	0.114
0.608	0.106	0.090	0.196
>AGATAGAT	16-AGATAGAT	6.483342	-8.855389	0	T:1175.0(8.73%),B:483.6(7.25%),P:1e-3	Tpos:425.5,Tstd:366.7,Bpos:476.1,Bstd:372.9,StrandBias:0.1,Multiplicity:1.26
0.933	0.065	0.001	0.001
0.001	0.001	0.997	0.001
0.868	0.001	0.130	0.001
0.001	0.001	0.001	0.997
0.865	0.133	0.001	0.001
0.001	0.001	0.997	0.001
0.791	0.001	0.207	0.001
0.001	0.001	0.001	0.997
>ACACACAC	17-ACACACAC	9.021379	-1.865248	0	T:1777.0(13.21%),B:846.3(12.69%),P:1e0	Tpos:527.7,Tstd:490.5,Bpos:482.1,Bstd:384.0,StrandBias:0.0,Multiplicity:1.52
0.997	0.001	0.001	0.001
0.001	0.997	0.001	0.001
0.997	0.001	0.001	0.001
0.001	0.869	0.001	0.129
0.997	0.001	0.001	0.001
0.001	0.997	0.001	0.001
0.997	0.001	0.001	0.001
0.001	0.997	0.001	0.001
