>NNNNVTGASTCA	1-NNNNVTGASTCA	7.393703	-489.912581	0	T:6501.0(48.32%),B:1718.5(25.77%),P:1e-212	Tpos:459.4,Tstd:297.8,Bpos:457.5,Bstd:302.6,StrandBias:-0.0,Multiplicity:1.39
0.287	0.223	0.239	0.250
0.292	0.177	0.250	0.281
0.244	0.224	0.250	0.282
0.285	0.170	0.274	0.270
0.319	0.303	0.285	0.093
0.001	0.001	0.001	0.997
0.001	0.001	0.961	0.037
0.997	0.001	0.001	0.001
0.077	0.435	0.404	0.084
0.001	0.001	0.001	0.997
0.197	0.801	0.001	0.001
0.997	0.001	0.001	0.001
>ACAGGAATGTAD	2-ACAGGAATGTAD	9.063930	-25.135448	0	T:1623.0(12.06%),B:598.1(8.97%),P:1e-10	Tpos:446.2,Tstd:295.6,Bpos:444.0,Bstd:330.5,StrandBias:-0.1,Multiplicity:1.07
0.550	0.204	0.034	0.212
0.137	0.791	0.016	0.056
0.987	0.001	0.001	0.011
0.014	0.001	0.965	0.020
0.263	0.001	0.735	0.001
0.997	0.001	0.001	0.001
0.997	0.001	0.001	0.001
0.062	0.001	0.001	0.936
0.012	0.001	0.799	0.188
0.155	0.114	0.020	0.711
0.661	0.060	0.116	0.163
0.341	0.141	0.223	0.295
>AACCCCGTCTCT	3-AACCCCGTCTCT	10.507275	-24.737527	0	T:1642.0(12.21%),B:608.9(9.13%),P:1e-10	Tpos:418.6,Tstd:335.4,Bpos:425.9,Bstd:324.5,StrandBias:0.1,Multiplicity:1.07
0.886	0.103	0.001	0.010
0.752	0.079	0.125	0.044
0.001	0.997	0.001	0.001
0.058	0.822	0.001	0.119
0.066	0.870	0.001	0.063
0.073	0.683	0.018	0.226
0.122	0.035	0.571	0.272
0.001	0.001	0.001	0.997
0.001	0.957	0.041	0.001
0.001	0.071	0.001	0.927
0.001	0.910	0.001	0.088
0.053	0.001	0.001	0.945
>TACTAGCAGTGT	4-TACTAGCAGTGT	10.359190	-24.027508	0	T:244.0(1.81%),B:47.4(0.71%),P:1e-10	Tpos:439.4,Tstd:329.8,Bpos:534.5,Bstd:511.0,StrandBias:-0.1,Multiplicity:1.01
0.001	0.178	0.001	0.820
0.871	0.055	0.018	0.056
0.001	0.662	0.001	0.336
0.001	0.058	0.001	0.940
0.884	0.001	0.114	0.001
0.073	0.002	0.907	0.018
0.127	0.818	0.001	0.054
0.652	0.001	0.001	0.346
0.093	0.005	0.900	0.002
0.024	0.001	0.001	0.974
0.054	0.001	0.743	0.202
0.093	0.001	0.018	0.888
>AGCTATGAATCA	5-AGCTATGAATCA	10.020823	-22.429502	0	T:199.0(1.48%),B:35.6(0.53%),P:1e-9	Tpos:429.4,Tstd:284.9,Bpos:416.2,Bstd:527.6,StrandBias:-0.3,Multiplicity:1.03
0.811	0.030	0.099	0.060
0.044	0.052	0.836	0.068
0.066	0.793	0.052	0.089
0.079	0.112	0.014	0.795
0.789	0.084	0.033	0.094
0.046	0.005	0.035	0.914
0.053	0.049	0.849	0.049
0.858	0.054	0.039	0.049
0.868	0.023	0.020	0.089
0.113	0.040	0.049	0.798
0.070	0.828	0.058	0.044
0.874	0.060	0.010	0.056
>CTCCATGTAAAA	6-CTCCATGTAAAA	10.542444	-21.743935	0	T:84.0(0.62%),B:5.3(0.08%),P:1e-9	Tpos:482.8,Tstd:275.0,Bpos:335.1,Bstd:298.0,StrandBias:-0.1,Multiplicity:1.00
0.047	0.803	0.084	0.066
0.209	0.103	0.011	0.677
0.185	0.653	0.124	0.038
0.035	0.906	0.009	0.050
0.860	0.058	0.039	0.043
0.212	0.022	0.161	0.605
0.139	0.216	0.493	0.152
0.251	0.206	0.027	0.516
0.664	0.031	0.033	0.272
0.685	0.105	0.097	0.113
0.617	0.154	0.096	0.133
0.877	0.037	0.042	0.044
>ATGTWCCTGTCT	7-ATGTWCCTGTCT	11.802071	-21.652301	0	T:102.0(0.76%),B:9.1(0.14%),P:1e-9	Tpos:468.8,Tstd:349.8,Bpos:458.4,Bstd:207.4,StrandBias:-0.3,Multiplicity:1.00
0.724	0.001	0.254	0.021
0.001	0.001	0.001	0.997
0.001	0.245	0.731	0.023
0.132	0.194	0.001	0.673
0.425	0.126	0.001	0.448
0.001	0.797	0.021	0.181
0.001	0.957	0.041	0.001
0.001	0.001	0.001	0.997
0.001	0.132	0.866	0.001
0.043	0.116	0.001	0.840
0.001	0.978	0.020	0.001
0.148	0.022	0.001	0.829
>GCTCATATTCCA	8-GCTCATATTCCA	12.137042	-20.382737	0	T:58.0(0.43%),B:1.6(0.02%),P:1e-8	Tpos:464.4,Tstd:325.4,Bpos:488.0,Bstd:0.0,StrandBias:-0.5,Multiplicity:1.00
0.031	0.031	0.937	0.001
0.001	0.937	0.031	0.031
0.001	0.031	0.001	0.967
0.001	0.937	0.031	0.031
0.873	0.063	0.032	0.032
0.158	0.063	0.063	0.716
0.882	0.094	0.001	0.023
0.031	0.001	0.001	0.967
0.001	0.001	0.031	0.967
0.031	0.905	0.001	0.063
0.001	0.967	0.001	0.031
0.967	0.001	0.001	0.031
>TCWCCAKSYTGG	9-TCWCCAKSYTGG	9.881567	-20.336289	0	T:2636.0(19.59%),B:1078.7(16.17%),P:1e-8	Tpos:414.8,Tstd:333.9,Bpos:434.1,Bstd:330.0,StrandBias:0.0,Multiplicity:1.33
0.318	0.085	0.088	0.509
0.001	0.694	0.146	0.159
0.407	0.049	0.001	0.543
0.001	0.835	0.034	0.130
0.001	0.997	0.001	0.001
0.997	0.001	0.001	0.001
0.026	0.053	0.450	0.472
0.051	0.510	0.362	0.077
0.109	0.434	0.001	0.456
0.001	0.001	0.001	0.997
0.001	0.001	0.997	0.001
0.145	0.110	0.744	0.001
>ACCAGATAGTCT	10-ACCAGATAGTCT	9.941224	-19.825575	0	T:120.0(0.89%),B:15.2(0.23%),P:1e-8	Tpos:431.8,Tstd:296.6,Bpos:444.7,Bstd:378.4,StrandBias:0.4,Multiplicity:1.02
0.808	0.062	0.068	0.062
0.031	0.852	0.049	0.068
0.082	0.839	0.018	0.061
0.914	0.018	0.012	0.056
0.063	0.080	0.801	0.056
0.858	0.049	0.044	0.049
0.050	0.050	0.087	0.813
0.883	0.013	0.055	0.049
0.082	0.098	0.703	0.117
0.043	0.062	0.031	0.864
0.086	0.754	0.086	0.074
0.038	0.030	0.001	0.931
>ATCCAGACTATC	11-ATCCAGACTATC	10.559756	-19.695111	0	T:68.0(0.51%),B:3.4(0.05%),P:1e-8	Tpos:418.6,Tstd:275.0,Bpos:557.8,Bstd:156.1,StrandBias:0.1,Multiplicity:1.00
0.747	0.100	0.040	0.113
0.047	0.060	0.060	0.833
0.033	0.886	0.047	0.034
0.087	0.817	0.036	0.060
0.947	0.013	0.007	0.033
0.122	0.040	0.791	0.047
0.790	0.068	0.086	0.056
0.087	0.787	0.060	0.066
0.093	0.074	0.007	0.826
0.793	0.107	0.067	0.033
0.013	0.027	0.053	0.907
0.047	0.893	0.040	0.020
>TTTTGTATATTT	12-TTTTGTATATTT	11.371207	-19.486160	0	T:1508.0(11.21%),B:573.1(8.59%),P:1e-8	Tpos:411.0,Tstd:345.9,Bpos:407.3,Bstd:346.7,StrandBias:-0.0,Multiplicity:1.08
0.046	0.050	0.053	0.851
0.037	0.040	0.055	0.868
0.041	0.032	0.052	0.875
0.054	0.021	0.053	0.872
0.062	0.064	0.771	0.103
0.092	0.057	0.037	0.814
0.759	0.058	0.095	0.088
0.088	0.028	0.045	0.839
0.742	0.060	0.096	0.102
0.072	0.051	0.013	0.864
0.074	0.037	0.030	0.859
0.033	0.043	0.034	0.890
>GGACCATTTGGC	13-GGACCATTTGGC	11.309245	-18.141957	0	T:45.0(0.33%),B:0.0(0.00%),P:1e-7	Tpos:425.4,Tstd:296.1,Bpos:0.0,Bstd:0.0,StrandBias:-0.9,Multiplicity:1.11
0.049	0.001	0.901	0.049
0.001	0.001	0.950	0.048
0.903	0.001	0.001	0.095
0.098	0.804	0.049	0.049
0.049	0.901	0.001	0.049
0.950	0.048	0.001	0.001
0.001	0.001	0.001	0.997
0.049	0.049	0.049	0.853
0.001	0.001	0.001	0.997
0.048	0.001	0.950	0.001
0.001	0.001	0.950	0.048
0.098	0.852	0.049	0.001
>AGAGCATTCCAA	14-AGAGCATTCCAA	11.711449	-17.617008	0	T:130.0(0.97%),B:20.3(0.30%),P:1e-7	Tpos:478.8,Tstd:293.8,Bpos:497.0,Bstd:441.0,StrandBias:0.4,Multiplicity:1.00
0.970	0.001	0.001	0.028
0.176	0.001	0.822	0.001
0.955	0.001	0.022	0.022
0.088	0.001	0.889	0.022
0.088	0.889	0.001	0.022
0.977	0.021	0.001	0.001
0.001	0.001	0.110	0.888
0.001	0.065	0.001	0.933
0.001	0.866	0.001	0.132
0.022	0.934	0.022	0.022
0.977	0.021	0.001	0.001
0.891	0.001	0.107	0.001
>CCTCCCGGRTTC	15-CCTCCCGGRTTC	9.636626	-16.763103	0	T:1692.0(12.58%),B:669.4(10.04%),P:1e-7	Tpos:483.9,Tstd:516.9,Bpos:506.2,Bstd:398.8,StrandBias:-0.0,Multiplicity:1.04
0.001	0.972	0.026	0.001
0.001	0.797	0.001	0.201
0.067	0.027	0.022	0.884
0.043	0.854	0.001	0.102
0.060	0.794	0.011	0.135
0.169	0.470	0.092	0.269
0.173	0.032	0.582	0.213
0.076	0.043	0.843	0.038
0.445	0.078	0.425	0.052
0.088	0.016	0.061	0.835
0.001	0.034	0.064	0.901
0.001	0.997	0.001	0.001
>CATCTATCTATC	16-CATCTATCTATC	10.371777	-16.253291	0	T:185.0(1.38%),B:39.7(0.60%),P:1e-7	Tpos:399.2,Tstd:360.6,Bpos:563.1,Bstd:334.8,StrandBias:-0.6,Multiplicity:1.22
0.044	0.807	0.024	0.125
0.823	0.096	0.037	0.044
0.052	0.020	0.028	0.900
0.040	0.880	0.040	0.040
0.048	0.139	0.001	0.812
0.684	0.131	0.076	0.109
0.020	0.020	0.040	0.920
0.028	0.844	0.071	0.057
0.020	0.149	0.008	0.823
0.771	0.069	0.086	0.074
0.032	0.049	0.044	0.875
0.056	0.870	0.032	0.042
>CCTCWGCCTCCC	17-CCTCWGCCTCCC	10.523991	-16.183092	0	T:3143.0(23.36%),B:1342.8(20.13%),P:1e-7	Tpos:444.8,Tstd:406.0,Bpos:420.8,Bstd:344.5,StrandBias:-0.0,Multiplicity:1.63
0.056	0.793	0.107	0.044
0.001	0.836	0.001	0.162
0.010	0.143	0.001	0.846
0.007	0.692	0.191	0.110
0.225	0.208	0.194	0.372
0.087	0.001	0.658	0.254
0.001	0.968	0.024	0.007
0.013	0.960	0.017	0.010
0.006	0.015	0.006	0.973
0.001	0.836	0.001	0.162
0.014	0.884	0.011	0.091
0.059	0.653	0.001	0.287
>GTTACTCATGCT	18-GTTACTCATGCT	11.572622	-16.033635	0	T:76.0(0.56%),B:7.1(0.11%),P:1e-6	Tpos:427.3,Tstd:230.4,Bpos:636.0,Bstd:426.4,StrandBias:0.5,Multiplicity:1.00
0.001	0.166	0.832	0.001
0.001	0.001	0.001	0.997
0.001	0.041	0.001	0.957
0.875	0.083	0.041	0.001
0.001	0.957	0.041	0.001
0.001	0.001	0.001	0.997
0.001	0.917	0.041	0.041
0.957	0.001	0.001	0.041
0.001	0.001	0.207	0.791
0.001	0.001	0.997	0.001
0.001	0.833	0.041	0.125
0.083	0.001	0.041	0.875
>CACTCCCAGCTA	19-CACTCCCAGCTA	6.827256	-15.565993	0	T:4658.0(34.62%),B:2069.5(31.03%),P:1e-6	Tpos:447.1,Tstd:392.8,Bpos:458.8,Bstd:366.1,StrandBias:-0.0,Multiplicity:1.59
0.084	0.750	0.075	0.091
0.757	0.093	0.057	0.093
0.106	0.633	0.128	0.133
0.069	0.060	0.281	0.590
0.052	0.757	0.093	0.098
0.092	0.778	0.031	0.099
0.123	0.701	0.041	0.135
0.631	0.017	0.301	0.051
0.065	0.109	0.747	0.079
0.081	0.763	0.075	0.081
0.101	0.148	0.048	0.703
0.609	0.130	0.145	0.116
>TATCAGCATCCA	20-TATCAGCATCCA	10.556915	-14.471953	0	T:79.0(0.59%),B:9.9(0.15%),P:1e-6	Tpos:490.1,Tstd:469.9,Bpos:454.1,Bstd:208.2,StrandBias:0.0,Multiplicity:1.00
0.054	0.079	0.042	0.825
0.704	0.108	0.096	0.092
0.078	0.060	0.054	0.808
0.036	0.862	0.048	0.054
0.958	0.012	0.006	0.024
0.113	0.060	0.784	0.043
0.060	0.850	0.036	0.054
0.900	0.032	0.006	0.062
0.060	0.018	0.110	0.812
0.030	0.825	0.061	0.084
0.078	0.844	0.018	0.060
0.839	0.083	0.018	0.060
>GAAKGTGRGDKT	21-GAAKGTGRGDKT	8.947411	-13.763216	0	T:2274.0(16.90%),B:954.5(14.31%),P:1e-5	Tpos:476.1,Tstd:424.6,Bpos:472.2,Bstd:367.7,StrandBias:0.0,Multiplicity:1.12
0.001	0.001	0.997	0.001
0.702	0.001	0.296	0.001
0.997	0.001	0.001	0.001
0.001	0.001	0.555	0.443
0.001	0.382	0.616	0.001
0.192	0.001	0.001	0.806
0.001	0.001	0.997	0.001
0.483	0.001	0.451	0.065
0.400	0.001	0.585	0.014
0.297	0.001	0.417	0.285
0.169	0.173	0.316	0.342
0.203	0.066	0.050	0.681
>GAATGGAATGGA	22-GAATGGAATGGA	9.946879	-8.775883	0	T:293.0(2.18%),B:96.8(1.45%),P:1e-3	Tpos:468.2,Tstd:377.8,Bpos:430.2,Bstd:243.6,StrandBias:-0.4,Multiplicity:1.16
0.060	0.064	0.828	0.048
0.838	0.049	0.059	0.054
0.793	0.072	0.068	0.067
0.080	0.011	0.102	0.807
0.060	0.024	0.872	0.044
0.045	0.051	0.858	0.046
0.842	0.048	0.067	0.043
0.870	0.014	0.081	0.035
0.080	0.005	0.112	0.803
0.048	0.022	0.868	0.062
0.076	0.044	0.778	0.102
0.850	0.048	0.054	0.048
>ACACACACACAS	23-ACACACACACAS	12.189802	-8.039518	0	T:709.0(5.27%),B:278.6(4.18%),P:1e-3	Tpos:544.6,Tstd:518.2,Bpos:472.6,Bstd:373.2,StrandBias:-0.0,Multiplicity:1.39
0.764	0.186	0.033	0.017
0.001	0.997	0.001	0.001
0.924	0.001	0.001	0.074
0.176	0.691	0.132	0.001
0.997	0.001	0.001	0.001
0.084	0.584	0.180	0.152
0.997	0.001	0.001	0.001
0.073	0.588	0.233	0.106
0.945	0.001	0.053	0.001
0.031	0.629	0.217	0.123
0.932	0.020	0.047	0.001
0.001	0.490	0.406	0.103
>ATATATTATATA	24-ATATATTATATA	11.551669	-7.932028	0	T:161.0(1.20%),B:46.9(0.70%),P:1e-3	Tpos:431.8,Tstd:317.9,Bpos:420.2,Bstd:297.7,StrandBias:-0.1,Multiplicity:1.36
0.811	0.079	0.001	0.109
0.129	0.001	0.060	0.810
0.840	0.016	0.001	0.143
0.189	0.032	0.001	0.778
0.941	0.001	0.001	0.057
0.393	0.001	0.001	0.605
0.361	0.006	0.033	0.600
0.609	0.011	0.104	0.276
0.281	0.001	0.078	0.640
0.948	0.036	0.015	0.001
0.134	0.001	0.054	0.811
0.644	0.055	0.141	0.160
>TTCTTACTTTCT	25-TTCTTACTTTCT	9.670353	-6.062171	0	T:1370.0(10.18%),B:595.8(8.93%),P:1e-2	Tpos:456.5,Tstd:380.5,Bpos:456.1,Bstd:357.4,StrandBias:-0.1,Multiplicity:1.20
0.071	0.019	0.047	0.863
0.051	0.078	0.037	0.834
0.031	0.819	0.044	0.106
0.047	0.057	0.023	0.873
0.048	0.128	0.034	0.790
0.771	0.074	0.065	0.090
0.045	0.734	0.104	0.117
0.029	0.068	0.012	0.891
0.035	0.061	0.053	0.851
0.037	0.045	0.035	0.883
0.029	0.819	0.083	0.069
0.067	0.044	0.013	0.876
