>DVTGASTCAB	1-DVTGASTCAB	7.426036	-562.974308	0	T:5333.0(39.64%),B:1135.4(17.02%),P:1e-244	Tpos:461.0,Tstd:292.1,Bpos:468.6,Bstd:316.1,StrandBias:-0.0,Multiplicity:1.26
0.226	0.145	0.353	0.276
0.397	0.277	0.248	0.077
0.013	0.019	0.043	0.925
0.015	0.011	0.750	0.224
0.966	0.001	0.007	0.026
0.078	0.396	0.403	0.123
0.018	0.003	0.010	0.969
0.260	0.717	0.008	0.015
0.942	0.005	0.029	0.024
0.097	0.277	0.262	0.365
>NDTGACTCAN	2-NDTGACTCAN	6.535120	-430.964498	0	T:7853.0(58.37%),B:2440.8(36.60%),P:1e-187	Tpos:455.5,Tstd:321.1,Bpos:449.8,Bstd:305.0,StrandBias:0.0,Multiplicity:1.25
0.333	0.201	0.220	0.245
0.340	0.152	0.194	0.314
0.113	0.001	0.022	0.864
0.017	0.001	0.803	0.179
0.850	0.028	0.093	0.029
0.105	0.522	0.198	0.175
0.019	0.086	0.001	0.894
0.329	0.650	0.004	0.017
0.955	0.012	0.001	0.032
0.219	0.269	0.208	0.303
>VTTAGTCAHY	3-VTTAGTCAHY	7.056208	-87.362500	0	T:895.0(6.65%),B:170.2(2.55%),P:1e-37	Tpos:445.9,Tstd:307.4,Bpos:469.8,Bstd:254.5,StrandBias:0.0,Multiplicity:1.03
0.381	0.316	0.257	0.046
0.040	0.086	0.055	0.819
0.088	0.040	0.066	0.806
0.587	0.048	0.141	0.224
0.050	0.367	0.541	0.042
0.169	0.158	0.181	0.492
0.053	0.652	0.067	0.228
0.595	0.170	0.031	0.204
0.296	0.385	0.061	0.258
0.177	0.295	0.111	0.417
>CAGGAATGTA	4-CAGGAATGTA	7.216096	-54.726535	0	T:5300.0(39.40%),B:2140.5(32.10%),P:1e-23	Tpos:451.9,Tstd:339.6,Bpos:456.5,Bstd:340.7,StrandBias:-0.0,Multiplicity:1.32
0.179	0.514	0.140	0.167
0.691	0.001	0.001	0.307
0.128	0.001	0.870	0.001
0.029	0.001	0.892	0.078
0.798	0.001	0.012	0.189
0.997	0.001	0.001	0.001
0.001	0.001	0.001	0.997
0.001	0.083	0.611	0.305
0.014	0.138	0.031	0.817
0.570	0.154	0.169	0.107
>CACCATGTTG	5-CACCATGTTG	8.688578	-31.698834	0	T:1938.0(14.41%),B:708.5(10.62%),P:1e-13	Tpos:418.1,Tstd:316.7,Bpos:450.1,Bstd:342.2,StrandBias:-0.1,Multiplicity:1.08
0.001	0.836	0.001	0.162
0.895	0.001	0.001	0.103
0.036	0.791	0.001	0.172
0.001	0.997	0.001	0.001
0.885	0.113	0.001	0.001
0.001	0.001	0.244	0.754
0.001	0.085	0.913	0.001
0.073	0.196	0.117	0.614
0.001	0.001	0.001	0.997
0.001	0.001	0.631	0.367
>CGTCTYTACT	6-CGTCTYTACT	8.700584	-22.336781	0	T:1837.0(13.65%),B:705.4(10.58%),P:1e-9	Tpos:420.3,Tstd:360.3,Bpos:424.0,Bstd:325.6,StrandBias:0.1,Multiplicity:1.08
0.236	0.667	0.001	0.096
0.170	0.079	0.629	0.122
0.001	0.068	0.001	0.930
0.001	0.780	0.001	0.218
0.001	0.001	0.001	0.997
0.001	0.547	0.001	0.451
0.085	0.062	0.001	0.852
0.753	0.001	0.049	0.197
0.077	0.793	0.048	0.082
0.090	0.251	0.001	0.658
>TGAATCATGA	7-TGAATCATGA	7.823747	-21.209423	0	T:2304.0(17.13%),B:921.2(13.81%),P:1e-9	Tpos:451.9,Tstd:384.1,Bpos:456.4,Bstd:313.0,StrandBias:0.0,Multiplicity:1.09
0.001	0.125	0.295	0.579
0.044	0.001	0.746	0.209
0.638	0.172	0.079	0.111
0.997	0.001	0.001	0.001
0.183	0.259	0.144	0.413
0.001	0.710	0.156	0.133
0.617	0.381	0.001	0.001
0.001	0.001	0.001	0.997
0.001	0.090	0.809	0.100
0.776	0.222	0.001	0.001
>AATTTTTACT	8-AATTTTTACT	7.797899	-20.939382	0	T:1902.0(14.14%),B:741.7(11.12%),P:1e-9	Tpos:449.2,Tstd:409.6,Bpos:460.6,Bstd:376.6,StrandBias:0.0,Multiplicity:1.11
0.716	0.132	0.001	0.151
0.733	0.265	0.001	0.001
0.001	0.364	0.001	0.634
0.070	0.107	0.176	0.647
0.267	0.189	0.001	0.543
0.225	0.001	0.129	0.645
0.001	0.001	0.340	0.658
0.899	0.001	0.001	0.099
0.277	0.539	0.001	0.183
0.158	0.305	0.001	0.536
>ATTGGTAAGT	9-ATTGGTAAGT	7.225129	-20.897265	0	T:1379.0(10.25%),B:510.6(7.66%),P:1e-9	Tpos:458.3,Tstd:365.8,Bpos:455.3,Bstd:334.9,StrandBias:-0.1,Multiplicity:1.07
0.860	0.023	0.025	0.092
0.072	0.089	0.090	0.749
0.048	0.034	0.109	0.809
0.088	0.051	0.803	0.058
0.067	0.045	0.835	0.053
0.047	0.090	0.071	0.792
0.754	0.067	0.073	0.106
0.826	0.041	0.067	0.066
0.054	0.108	0.789	0.049
0.054	0.085	0.076	0.785
>CCACCTCGCC	10-CCACCTCGCC	7.154167	-19.887269	0	T:4203.0(31.24%),B:1817.0(27.24%),P:1e-8	Tpos:511.4,Tstd:488.2,Bpos:498.0,Bstd:418.9,StrandBias:0.0,Multiplicity:1.43
0.042	0.826	0.067	0.065
0.083	0.837	0.030	0.050
0.765	0.099	0.063	0.073
0.068	0.793	0.083	0.056
0.029	0.860	0.055	0.056
0.132	0.034	0.106	0.728
0.130	0.793	0.019	0.058
0.078	0.113	0.706	0.103
0.047	0.825	0.100	0.028
0.049	0.870	0.052	0.029
>TCCAGGCTGG	11-TCCAGGCTGG	7.682096	-19.294263	0	T:4495.0(33.41%),B:1960.4(29.39%),P:1e-8	Tpos:457.4,Tstd:394.1,Bpos:463.7,Bstd:373.6,StrandBias:0.0,Multiplicity:1.36
0.001	0.001	0.276	0.722
0.001	0.970	0.001	0.028
0.090	0.768	0.038	0.104
0.852	0.044	0.001	0.103
0.073	0.001	0.813	0.113
0.152	0.117	0.534	0.197
0.052	0.765	0.001	0.182
0.054	0.052	0.001	0.893
0.057	0.001	0.894	0.048
0.126	0.001	0.797	0.076
>CCTCKGCCTC	12-CCTCKGCCTC	7.453105	-19.058265	0	T:3769.0(28.02%),B:1617.0(24.24%),P:1e-8	Tpos:453.3,Tstd:426.7,Bpos:433.2,Bstd:355.1,StrandBias:0.0,Multiplicity:1.50
0.039	0.623	0.208	0.130
0.017	0.918	0.037	0.028
0.030	0.047	0.143	0.780
0.037	0.475	0.246	0.243
0.165	0.041	0.472	0.322
0.177	0.201	0.604	0.018
0.041	0.726	0.031	0.202
0.016	0.663	0.116	0.205
0.216	0.158	0.143	0.483
0.022	0.586	0.167	0.225
>GATAGATAGA	13-GATAGATAGA	8.873720	-18.859113	0	T:681.0(5.06%),B:222.2(3.33%),P:1e-8	Tpos:432.2,Tstd:404.3,Bpos:503.0,Bstd:407.3,StrandBias:0.2,Multiplicity:1.07
0.001	0.227	0.721	0.051
0.904	0.094	0.001	0.001
0.166	0.040	0.001	0.793
0.648	0.001	0.350	0.001
0.001	0.001	0.997	0.001
0.679	0.001	0.088	0.232
0.253	0.155	0.189	0.403
0.786	0.001	0.001	0.212
0.001	0.141	0.822	0.036
0.752	0.246	0.001	0.001
>TTKGTAKATT	14-TTKGTAKATT	8.945469	-18.653009	0	T:2063.0(15.33%),B:826.1(12.39%),P:1e-8	Tpos:410.3,Tstd:332.2,Bpos:428.8,Bstd:366.9,StrandBias:-0.1,Multiplicity:1.10
0.039	0.001	0.001	0.959
0.002	0.055	0.121	0.822
0.059	0.072	0.376	0.493
0.060	0.001	0.938	0.001
0.077	0.001	0.001	0.921
0.835	0.055	0.002	0.108
0.001	0.001	0.537	0.461
0.807	0.052	0.001	0.140
0.003	0.004	0.001	0.992
0.041	0.350	0.107	0.502
>TCATAGGTGA	15-TCATAGGTGA	10.431203	-18.158597	0	T:149.0(1.11%),B:25.5(0.38%),P:1e-7	Tpos:428.9,Tstd:281.3,Bpos:580.8,Bstd:474.6,StrandBias:0.2,Multiplicity:1.01
0.275	0.001	0.196	0.528
0.079	0.919	0.001	0.001
0.715	0.283	0.001	0.001
0.001	0.110	0.001	0.888
0.997	0.001	0.001	0.001
0.181	0.001	0.817	0.001
0.001	0.001	0.868	0.130
0.001	0.001	0.001	0.997
0.001	0.001	0.997	0.001
0.997	0.001	0.001	0.001
>CGACATCCTT	16-CGACATCCTT	9.284958	-17.766797	0	T:77.0(0.57%),B:6.5(0.10%),P:1e-7	Tpos:433.4,Tstd:298.5,Bpos:495.7,Bstd:308.0,StrandBias:0.0,Multiplicity:1.00
0.001	0.997	0.001	0.001
0.208	0.001	0.708	0.083
0.742	0.059	0.001	0.198
0.056	0.778	0.113	0.053
0.591	0.232	0.176	0.001
0.050	0.030	0.144	0.776
0.003	0.858	0.099	0.040
0.290	0.534	0.175	0.001
0.256	0.001	0.020	0.723
0.342	0.083	0.010	0.565
>CCAAGATCGC	17-CCAAGATCGC	7.538431	-17.052269	0	T:1740.0(12.93%),B:690.0(10.35%),P:1e-7	Tpos:459.2,Tstd:376.5,Bpos:462.0,Bstd:365.7,StrandBias:0.0,Multiplicity:1.07
0.037	0.858	0.040	0.065
0.056	0.843	0.034	0.067
0.797	0.041	0.097	0.065
0.878	0.014	0.047	0.061
0.050	0.037	0.880	0.033
0.840	0.028	0.066	0.066
0.025	0.099	0.061	0.815
0.092	0.612	0.200	0.096
0.133	0.141	0.647	0.079
0.060	0.835	0.040	0.065
>GTTCAAWMAA	18-GTTCAAWMAA	8.267831	-16.986401	0	T:815.0(6.06%),B:284.4(4.26%),P:1e-7	Tpos:428.0,Tstd:313.3,Bpos:441.8,Bstd:320.6,StrandBias:0.2,Multiplicity:1.04
0.070	0.070	0.819	0.041
0.035	0.247	0.260	0.458
0.042	0.059	0.012	0.887
0.080	0.771	0.092	0.057
0.627	0.024	0.016	0.333
0.521	0.194	0.243	0.042
0.395	0.025	0.171	0.408
0.289	0.437	0.001	0.273
0.896	0.040	0.027	0.037
0.770	0.084	0.081	0.065
>GGGACTACAG	19-GGGACTACAG	9.281835	-14.582409	0	T:2403.0(17.86%),B:1008.6(15.12%),P:1e-6	Tpos:417.1,Tstd:336.3,Bpos:411.5,Bstd:322.5,StrandBias:-0.1,Multiplicity:1.36
0.001	0.001	0.984	0.014
0.001	0.001	0.997	0.001
0.020	0.080	0.869	0.031
0.934	0.052	0.001	0.013
0.072	0.715	0.001	0.212
0.001	0.027	0.052	0.920
0.887	0.037	0.075	0.001
0.001	0.966	0.011	0.022
0.903	0.030	0.001	0.066
0.001	0.072	0.926	0.001
>ATAGATATTA	20-ATAGATATTA	9.200856	-13.409652	0	T:669.0(4.97%),B:236.2(3.54%),P:1e-5	Tpos:438.9,Tstd:341.6,Bpos:408.7,Bstd:330.1,StrandBias:0.1,Multiplicity:1.13
0.528	0.111	0.003	0.358
0.001	0.084	0.067	0.848
0.854	0.011	0.093	0.042
0.001	0.001	0.738	0.260
0.909	0.001	0.087	0.003
0.001	0.295	0.114	0.590
0.750	0.032	0.125	0.093
0.001	0.082	0.003	0.914
0.001	0.037	0.001	0.961
0.990	0.001	0.008	0.001
>RCGGTGGTYT	21-RCGGTGGTYT	7.516646	-11.973902	0	T:114.0(0.85%),B:22.4(0.34%),P:1e-5	Tpos:463.9,Tstd:326.0,Bpos:726.7,Bstd:665.0,StrandBias:-0.2,Multiplicity:1.00
0.413	0.214	0.349	0.024
0.198	0.502	0.105	0.195
0.273	0.171	0.465	0.091
0.048	0.110	0.700	0.142
0.007	0.017	0.251	0.725
0.071	0.189	0.619	0.121
0.216	0.095	0.603	0.086
0.073	0.092	0.311	0.524
0.203	0.304	0.100	0.392
0.026	0.069	0.003	0.902
>TGAATCAGGG	22-TGAATCAGGG	11.098719	-11.258566	0	T:268.0(1.99%),B:79.6(1.19%),P:1e-4	Tpos:473.9,Tstd:347.6,Bpos:408.5,Bstd:308.2,StrandBias:0.0,Multiplicity:1.01
0.041	0.001	0.107	0.851
0.005	0.013	0.837	0.145
0.944	0.001	0.012	0.043
0.997	0.001	0.001	0.001
0.001	0.222	0.198	0.579
0.001	0.997	0.001	0.001
0.997	0.001	0.001	0.001
0.001	0.001	0.722	0.276
0.264	0.001	0.734	0.001
0.001	0.141	0.857	0.001
>CATTTAKCCG	23-CATTTAKCCG	8.980041	-11.098466	0	T:78.0(0.58%),B:12.3(0.18%),P:1e-4	Tpos:454.3,Tstd:338.4,Bpos:469.6,Bstd:458.8,StrandBias:-0.0,Multiplicity:1.00
0.084	0.554	0.033	0.329
0.916	0.016	0.001	0.067
0.155	0.033	0.001	0.811
0.247	0.275	0.001	0.477
0.214	0.001	0.001	0.784
0.967	0.016	0.016	0.001
0.001	0.207	0.328	0.464
0.317	0.633	0.033	0.017
0.001	0.718	0.280	0.001
0.274	0.001	0.541	0.184
>GRAGGAAMGA	24-GRAGGAAMGA	9.760202	-7.730432	0	T:987.0(7.34%),B:405.9(6.09%),P:1e-3	Tpos:468.6,Tstd:406.5,Bpos:484.1,Bstd:381.7,StrandBias:-0.2,Multiplicity:1.20
0.001	0.017	0.981	0.001
0.432	0.201	0.323	0.043
0.901	0.081	0.001	0.017
0.329	0.002	0.640	0.029
0.002	0.027	0.848	0.123
0.943	0.001	0.027	0.029
0.739	0.176	0.058	0.027
0.445	0.553	0.001	0.001
0.001	0.001	0.997	0.001
0.628	0.026	0.345	0.001
>GTGTGTRTGT	25-GTGTGTRTGT	9.832927	-6.028388	0	T:1288.0(9.57%),B:557.1(8.35%),P:1e-2	Tpos:529.6,Tstd:493.4,Bpos:479.4,Bstd:388.7,StrandBias:-0.0,Multiplicity:1.42
0.054	0.024	0.878	0.044
0.001	0.001	0.001	0.997
0.068	0.001	0.930	0.001
0.001	0.007	0.001	0.991
0.080	0.031	0.876	0.013
0.055	0.001	0.018	0.926
0.490	0.045	0.422	0.044
0.001	0.024	0.001	0.974
0.025	0.013	0.961	0.001
0.001	0.001	0.001	0.997
