>DVTGASTCAB	1-DVTGASTCAB	7.426036	-562.974308	0	T:5333.0(39.64%),B:1135.4(17.02%),P:1e-244	Tpos:461.0,Tstd:292.1,Bpos:468.6,Bstd:316.1,StrandBias:-0.0,Multiplicity:1.26
0.226	0.145	0.353	0.276
0.397	0.277	0.248	0.077
0.013	0.019	0.043	0.925
0.015	0.011	0.750	0.224
0.966	0.001	0.007	0.026
0.078	0.396	0.403	0.123
0.018	0.003	0.010	0.969
0.260	0.717	0.008	0.015
0.942	0.005	0.029	0.024
0.097	0.277	0.262	0.365
>NDTGACTCAN	2-NDTGACTCAN	6.535120	-430.964498	0	T:7853.0(58.37%),B:2440.8(36.60%),P:1e-187	Tpos:455.5,Tstd:321.1,Bpos:449.8,Bstd:305.0,StrandBias:0.0,Multiplicity:1.25
0.333	0.201	0.220	0.245
0.340	0.152	0.194	0.314
0.113	0.001	0.022	0.864
0.017	0.001	0.803	0.179
0.850	0.028	0.093	0.029
0.105	0.522	0.198	0.175
0.019	0.086	0.001	0.894
0.329	0.650	0.004	0.017
0.955	0.012	0.001	0.032
0.219	0.269	0.208	0.303
>VTTAGTCAHY	3-VTTAGTCAHY	7.056208	-87.362500	0	T:895.0(6.65%),B:170.2(2.55%),P:1e-37	Tpos:445.9,Tstd:307.4,Bpos:469.8,Bstd:254.5,StrandBias:0.0,Multiplicity:1.03
0.381	0.316	0.257	0.046
0.040	0.086	0.055	0.819
0.088	0.040	0.066	0.806
0.587	0.048	0.141	0.224
0.050	0.367	0.541	0.042
0.169	0.158	0.181	0.492
0.053	0.652	0.067	0.228
0.595	0.170	0.031	0.204
0.296	0.385	0.061	0.258
0.177	0.295	0.111	0.417
>CAGGAATGTA	4-CAGGAATGTA	7.216096	-54.726535	0	T:5300.0(39.40%),B:2140.5(32.10%),P:1e-23	Tpos:451.9,Tstd:339.6,Bpos:456.5,Bstd:340.7,StrandBias:-0.0,Multiplicity:1.32
0.179	0.514	0.140	0.167
0.691	0.001	0.001	0.307
0.128	0.001	0.870	0.001
0.029	0.001	0.892	0.078
0.798	0.001	0.012	0.189
0.997	0.001	0.001	0.001
0.001	0.001	0.001	0.997
0.001	0.083	0.611	0.305
0.014	0.138	0.031	0.817
0.570	0.154	0.169	0.107
>CACCATGTTG	5-CACCATGTTG	8.688578	-31.698834	0	T:1938.0(14.41%),B:708.5(10.62%),P:1e-13	Tpos:418.1,Tstd:316.7,Bpos:450.1,Bstd:342.2,StrandBias:-0.1,Multiplicity:1.08
0.001	0.836	0.001	0.162
0.895	0.001	0.001	0.103
0.036	0.791	0.001	0.172
0.001	0.997	0.001	0.001
0.885	0.113	0.001	0.001
0.001	0.001	0.244	0.754
0.001	0.085	0.913	0.001
0.073	0.196	0.117	0.614
0.001	0.001	0.001	0.997
0.001	0.001	0.631	0.367
>CGTCTYTACT	6-CGTCTYTACT	8.700584	-22.336781	0	T:1837.0(13.65%),B:705.4(10.58%),P:1e-9	Tpos:420.3,Tstd:360.3,Bpos:424.0,Bstd:325.6,StrandBias:0.1,Multiplicity:1.08
0.236	0.667	0.001	0.096
0.170	0.079	0.629	0.122
0.001	0.068	0.001	0.930
0.001	0.780	0.001	0.218
0.001	0.001	0.001	0.997
0.001	0.547	0.001	0.451
0.085	0.062	0.001	0.852
0.753	0.001	0.049	0.197
0.077	0.793	0.048	0.082
0.090	0.251	0.001	0.658
>TGAATCATGA	7-TGAATCATGA	7.823747	-21.209423	0	T:2304.0(17.13%),B:921.2(13.81%),P:1e-9	Tpos:451.9,Tstd:384.1,Bpos:456.4,Bstd:313.0,StrandBias:0.0,Multiplicity:1.09
0.001	0.125	0.295	0.579
0.044	0.001	0.746	0.209
0.638	0.172	0.079	0.111
0.997	0.001	0.001	0.001
0.183	0.259	0.144	0.413
0.001	0.710	0.156	0.133
0.617	0.381	0.001	0.001
0.001	0.001	0.001	0.997
0.001	0.090	0.809	0.100
0.776	0.222	0.001	0.001
>AATTTTTACT	8-AATTTTTACT	7.797899	-20.939382	0	T:1902.0(14.14%),B:741.7(11.12%),P:1e-9	Tpos:449.2,Tstd:409.6,Bpos:460.6,Bstd:376.6,StrandBias:0.0,Multiplicity:1.11
0.716	0.132	0.001	0.151
0.733	0.265	0.001	0.001
0.001	0.364	0.001	0.634
0.070	0.107	0.176	0.647
0.267	0.189	0.001	0.543
0.225	0.001	0.129	0.645
0.001	0.001	0.340	0.658
0.899	0.001	0.001	0.099
0.277	0.539	0.001	0.183
0.158	0.305	0.001	0.536
>ATTGGTAAGT	9-ATTGGTAAGT	7.225129	-20.897265	0	T:1379.0(10.25%),B:510.6(7.66%),P:1e-9	Tpos:458.3,Tstd:365.8,Bpos:455.3,Bstd:334.9,StrandBias:-0.1,Multiplicity:1.07
0.860	0.023	0.025	0.092
0.072	0.089	0.090	0.749
0.048	0.034	0.109	0.809
0.088	0.051	0.803	0.058
0.067	0.045	0.835	0.053
0.047	0.090	0.071	0.792
0.754	0.067	0.073	0.106
0.826	0.041	0.067	0.066
0.054	0.108	0.789	0.049
0.054	0.085	0.076	0.785
>CCACCTCGCC	10-CCACCTCGCC	7.154167	-19.887269	0	T:4203.0(31.24%),B:1817.0(27.24%),P:1e-8	Tpos:511.4,Tstd:488.2,Bpos:498.0,Bstd:418.9,StrandBias:0.0,Multiplicity:1.43
0.042	0.826	0.067	0.065
0.083	0.837	0.030	0.050
0.765	0.099	0.063	0.073
0.068	0.793	0.083	0.056
0.029	0.860	0.055	0.056
0.132	0.034	0.106	0.728
0.130	0.793	0.019	0.058
0.078	0.113	0.706	0.103
0.047	0.825	0.100	0.028
0.049	0.870	0.052	0.029
>TCCAGGCTGG	11-TCCAGGCTGG	7.682096	-19.294263	0	T:4495.0(33.41%),B:1960.4(29.39%),P:1e-8	Tpos:457.4,Tstd:394.1,Bpos:463.7,Bstd:373.6,StrandBias:0.0,Multiplicity:1.36
0.001	0.001	0.276	0.722
0.001	0.970	0.001	0.028
0.090	0.768	0.038	0.104
0.852	0.044	0.001	0.103
0.073	0.001	0.813	0.113
0.152	0.117	0.534	0.197
0.052	0.765	0.001	0.182
0.054	0.052	0.001	0.893
0.057	0.001	0.894	0.048
0.126	0.001	0.797	0.076
>CCTCKGCCTC	12-CCTCKGCCTC	7.453105	-19.058265	0	T:3769.0(28.02%),B:1617.0(24.24%),P:1e-8	Tpos:453.3,Tstd:426.7,Bpos:433.2,Bstd:355.1,StrandBias:0.0,Multiplicity:1.50
0.039	0.623	0.208	0.130
0.017	0.918	0.037	0.028
0.030	0.047	0.143	0.780
0.037	0.475	0.246	0.243
0.165	0.041	0.472	0.322
0.177	0.201	0.604	0.018
0.041	0.726	0.031	0.202
0.016	0.663	0.116	0.205
0.216	0.158	0.143	0.483
0.022	0.586	0.167	0.225
>GATAGATAGA	13-GATAGATAGA	8.873720	-18.859113	0	T:681.0(5.06%),B:222.2(3.33%),P:1e-8	Tpos:432.2,Tstd:404.3,Bpos:503.0,Bstd:407.3,StrandBias:0.2,Multiplicity:1.07
0.001	0.227	0.721	0.051
0.904	0.094	0.001	0.001
0.166	0.040	0.001	0.793
0.648	0.001	0.350	0.001
0.001	0.001	0.997	0.001
0.679	0.001	0.088	0.232
0.253	0.155	0.189	0.403
0.786	0.001	0.001	0.212
0.001	0.141	0.822	0.036
0.752	0.246	0.001	0.001
>TTKGTAKATT	14-TTKGTAKATT	8.945469	-18.653009	0	T:2063.0(15.33%),B:826.1(12.39%),P:1e-8	Tpos:410.3,Tstd:332.2,Bpos:428.8,Bstd:366.9,StrandBias:-0.1,Multiplicity:1.10
0.039	0.001	0.001	0.959
0.002	0.055	0.121	0.822
0.059	0.072	0.376	0.493
0.060	0.001	0.938	0.001
0.077	0.001	0.001	0.921
0.835	0.055	0.002	0.108
0.001	0.001	0.537	0.461
0.807	0.052	0.001	0.140
0.003	0.004	0.001	0.992
0.041	0.350	0.107	0.502
>TCATAGGTGA	15-TCATAGGTGA	10.431203	-18.158597	0	T:149.0(1.11%),B:25.5(0.38%),P:1e-7	Tpos:428.9,Tstd:281.3,Bpos:580.8,Bstd:474.6,StrandBias:0.2,Multiplicity:1.01
0.275	0.001	0.196	0.528
0.079	0.919	0.001	0.001
0.715	0.283	0.001	0.001
0.001	0.110	0.001	0.888
0.997	0.001	0.001	0.001
0.181	0.001	0.817	0.001
0.001	0.001	0.868	0.130
0.001	0.001	0.001	0.997
0.001	0.001	0.997	0.001
0.997	0.001	0.001	0.001
>CGACATCCTT	16-CGACATCCTT	9.284958	-17.766797	0	T:77.0(0.57%),B:6.5(0.10%),P:1e-7	Tpos:433.4,Tstd:298.5,Bpos:495.7,Bstd:308.0,StrandBias:0.0,Multiplicity:1.00
0.001	0.997	0.001	0.001
0.208	0.001	0.708	0.083
0.742	0.059	0.001	0.198
0.056	0.778	0.113	0.053
0.591	0.232	0.176	0.001
0.050	0.030	0.144	0.776
0.003	0.858	0.099	0.040
0.290	0.534	0.175	0.001
0.256	0.001	0.020	0.723
0.342	0.083	0.010	0.565
>CCAAGATCGC	17-CCAAGATCGC	7.538431	-17.052269	0	T:1740.0(12.93%),B:690.0(10.35%),P:1e-7	Tpos:459.2,Tstd:376.5,Bpos:462.0,Bstd:365.7,StrandBias:0.0,Multiplicity:1.07
0.037	0.858	0.040	0.065
0.056	0.843	0.034	0.067
0.797	0.041	0.097	0.065
0.878	0.014	0.047	0.061
0.050	0.037	0.880	0.033
0.840	0.028	0.066	0.066
0.025	0.099	0.061	0.815
0.092	0.612	0.200	0.096
0.133	0.141	0.647	0.079
0.060	0.835	0.040	0.065
>GTTCAAWMAA	18-GTTCAAWMAA	8.267831	-16.986401	0	T:815.0(6.06%),B:284.4(4.26%),P:1e-7	Tpos:428.0,Tstd:313.3,Bpos:441.8,Bstd:320.6,StrandBias:0.2,Multiplicity:1.04
0.070	0.070	0.819	0.041
0.035	0.247	0.260	0.458
0.042	0.059	0.012	0.887
0.080	0.771	0.092	0.057
0.627	0.024	0.016	0.333
0.521	0.194	0.243	0.042
0.395	0.025	0.171	0.408
0.289	0.437	0.001	0.273
0.896	0.040	0.027	0.037
0.770	0.084	0.081	0.065
>GGGACTACAG	19-GGGACTACAG	9.281835	-14.582409	0	T:2403.0(17.86%),B:1008.6(15.12%),P:1e-6	Tpos:417.1,Tstd:336.3,Bpos:411.5,Bstd:322.5,StrandBias:-0.1,Multiplicity:1.36
0.001	0.001	0.984	0.014
0.001	0.001	0.997	0.001
0.020	0.080	0.869	0.031
0.934	0.052	0.001	0.013
0.072	0.715	0.001	0.212
0.001	0.027	0.052	0.920
0.887	0.037	0.075	0.001
0.001	0.966	0.011	0.022
0.903	0.030	0.001	0.066
0.001	0.072	0.926	0.001
>ATAGATATTA	20-ATAGATATTA	9.200856	-13.409652	0	T:669.0(4.97%),B:236.2(3.54%),P:1e-5	Tpos:438.9,Tstd:341.6,Bpos:408.7,Bstd:330.1,StrandBias:0.1,Multiplicity:1.13
0.528	0.111	0.003	0.358
0.001	0.084	0.067	0.848
0.854	0.011	0.093	0.042
0.001	0.001	0.738	0.260
0.909	0.001	0.087	0.003
0.001	0.295	0.114	0.590
0.750	0.032	0.125	0.093
0.001	0.082	0.003	0.914
0.001	0.037	0.001	0.961
0.990	0.001	0.008	0.001
>RCGGTGGTYT	21-RCGGTGGTYT	7.516646	-11.973902	0	T:114.0(0.85%),B:22.4(0.34%),P:1e-5	Tpos:463.9,Tstd:326.0,Bpos:726.7,Bstd:665.0,StrandBias:-0.2,Multiplicity:1.00
0.413	0.214	0.349	0.024
0.198	0.502	0.105	0.195
0.273	0.171	0.465	0.091
0.048	0.110	0.700	0.142
0.007	0.017	0.251	0.725
0.071	0.189	0.619	0.121
0.216	0.095	0.603	0.086
0.073	0.092	0.311	0.524
0.203	0.304	0.100	0.392
0.026	0.069	0.003	0.902
>TGAATCAGGG	22-TGAATCAGGG	11.098719	-11.258566	0	T:268.0(1.99%),B:79.6(1.19%),P:1e-4	Tpos:473.9,Tstd:347.6,Bpos:408.5,Bstd:308.2,StrandBias:0.0,Multiplicity:1.01
0.041	0.001	0.107	0.851
0.005	0.013	0.837	0.145
0.944	0.001	0.012	0.043
0.997	0.001	0.001	0.001
0.001	0.222	0.198	0.579
0.001	0.997	0.001	0.001
0.997	0.001	0.001	0.001
0.001	0.001	0.722	0.276
0.264	0.001	0.734	0.001
0.001	0.141	0.857	0.001
>CATTTAKCCG	23-CATTTAKCCG	8.980041	-11.098466	0	T:78.0(0.58%),B:12.3(0.18%),P:1e-4	Tpos:454.3,Tstd:338.4,Bpos:469.6,Bstd:458.8,StrandBias:-0.0,Multiplicity:1.00
0.084	0.554	0.033	0.329
0.916	0.016	0.001	0.067
0.155	0.033	0.001	0.811
0.247	0.275	0.001	0.477
0.214	0.001	0.001	0.784
0.967	0.016	0.016	0.001
0.001	0.207	0.328	0.464
0.317	0.633	0.033	0.017
0.001	0.718	0.280	0.001
0.274	0.001	0.541	0.184
>GRAGGAAMGA	24-GRAGGAAMGA	9.760202	-7.730432	0	T:987.0(7.34%),B:405.9(6.09%),P:1e-3	Tpos:468.6,Tstd:406.5,Bpos:484.1,Bstd:381.7,StrandBias:-0.2,Multiplicity:1.20
0.001	0.017	0.981	0.001
0.432	0.201	0.323	0.043
0.901	0.081	0.001	0.017
0.329	0.002	0.640	0.029
0.002	0.027	0.848	0.123
0.943	0.001	0.027	0.029
0.739	0.176	0.058	0.027
0.445	0.553	0.001	0.001
0.001	0.001	0.997	0.001
0.628	0.026	0.345	0.001
>GTGTGTRTGT	25-GTGTGTRTGT	9.832927	-6.028388	0	T:1288.0(9.57%),B:557.1(8.35%),P:1e-2	Tpos:529.6,Tstd:493.4,Bpos:479.4,Bstd:388.7,StrandBias:-0.0,Multiplicity:1.42
0.054	0.024	0.878	0.044
0.001	0.001	0.001	0.997
0.068	0.001	0.930	0.001
0.001	0.007	0.001	0.991
0.080	0.031	0.876	0.013
0.055	0.001	0.018	0.926
0.490	0.045	0.422	0.044
0.001	0.024	0.001	0.974
0.025	0.013	0.961	0.001
0.001	0.001	0.001	0.997
>NNNNVTGASTCA	1-NNNNVTGASTCA	7.393703	-489.912581	0	T:6501.0(48.32%),B:1718.5(25.77%),P:1e-212	Tpos:459.4,Tstd:297.8,Bpos:457.5,Bstd:302.6,StrandBias:-0.0,Multiplicity:1.39
0.287	0.223	0.239	0.250
0.292	0.177	0.250	0.281
0.244	0.224	0.250	0.282
0.285	0.170	0.274	0.270
0.319	0.303	0.285	0.093
0.001	0.001	0.001	0.997
0.001	0.001	0.961	0.037
0.997	0.001	0.001	0.001
0.077	0.435	0.404	0.084
0.001	0.001	0.001	0.997
0.197	0.801	0.001	0.001
0.997	0.001	0.001	0.001
>ACAGGAATGTAD	2-ACAGGAATGTAD	9.063930	-25.135448	0	T:1623.0(12.06%),B:598.1(8.97%),P:1e-10	Tpos:446.2,Tstd:295.6,Bpos:444.0,Bstd:330.5,StrandBias:-0.1,Multiplicity:1.07
0.550	0.204	0.034	0.212
0.137	0.791	0.016	0.056
0.987	0.001	0.001	0.011
0.014	0.001	0.965	0.020
0.263	0.001	0.735	0.001
0.997	0.001	0.001	0.001
0.997	0.001	0.001	0.001
0.062	0.001	0.001	0.936
0.012	0.001	0.799	0.188
0.155	0.114	0.020	0.711
0.661	0.060	0.116	0.163
0.341	0.141	0.223	0.295
>AACCCCGTCTCT	3-AACCCCGTCTCT	10.507275	-24.737527	0	T:1642.0(12.21%),B:608.9(9.13%),P:1e-10	Tpos:418.6,Tstd:335.4,Bpos:425.9,Bstd:324.5,StrandBias:0.1,Multiplicity:1.07
0.886	0.103	0.001	0.010
0.752	0.079	0.125	0.044
0.001	0.997	0.001	0.001
0.058	0.822	0.001	0.119
0.066	0.870	0.001	0.063
0.073	0.683	0.018	0.226
0.122	0.035	0.571	0.272
0.001	0.001	0.001	0.997
0.001	0.957	0.041	0.001
0.001	0.071	0.001	0.927
0.001	0.910	0.001	0.088
0.053	0.001	0.001	0.945
>TACTAGCAGTGT	4-TACTAGCAGTGT	10.359190	-24.027508	0	T:244.0(1.81%),B:47.4(0.71%),P:1e-10	Tpos:439.4,Tstd:329.8,Bpos:534.5,Bstd:511.0,StrandBias:-0.1,Multiplicity:1.01
0.001	0.178	0.001	0.820
0.871	0.055	0.018	0.056
0.001	0.662	0.001	0.336
0.001	0.058	0.001	0.940
0.884	0.001	0.114	0.001
0.073	0.002	0.907	0.018
0.127	0.818	0.001	0.054
0.652	0.001	0.001	0.346
0.093	0.005	0.900	0.002
0.024	0.001	0.001	0.974
0.054	0.001	0.743	0.202
0.093	0.001	0.018	0.888
>AGCTATGAATCA	5-AGCTATGAATCA	10.020823	-22.429502	0	T:199.0(1.48%),B:35.6(0.53%),P:1e-9	Tpos:429.4,Tstd:284.9,Bpos:416.2,Bstd:527.6,StrandBias:-0.3,Multiplicity:1.03
0.811	0.030	0.099	0.060
0.044	0.052	0.836	0.068
0.066	0.793	0.052	0.089
0.079	0.112	0.014	0.795
0.789	0.084	0.033	0.094
0.046	0.005	0.035	0.914
0.053	0.049	0.849	0.049
0.858	0.054	0.039	0.049
0.868	0.023	0.020	0.089
0.113	0.040	0.049	0.798
0.070	0.828	0.058	0.044
0.874	0.060	0.010	0.056
>CTCCATGTAAAA	6-CTCCATGTAAAA	10.542444	-21.743935	0	T:84.0(0.62%),B:5.3(0.08%),P:1e-9	Tpos:482.8,Tstd:275.0,Bpos:335.1,Bstd:298.0,StrandBias:-0.1,Multiplicity:1.00
0.047	0.803	0.084	0.066
0.209	0.103	0.011	0.677
0.185	0.653	0.124	0.038
0.035	0.906	0.009	0.050
0.860	0.058	0.039	0.043
0.212	0.022	0.161	0.605
0.139	0.216	0.493	0.152
0.251	0.206	0.027	0.516
0.664	0.031	0.033	0.272
0.685	0.105	0.097	0.113
0.617	0.154	0.096	0.133
0.877	0.037	0.042	0.044
>ATGTWCCTGTCT	7-ATGTWCCTGTCT	11.802071	-21.652301	0	T:102.0(0.76%),B:9.1(0.14%),P:1e-9	Tpos:468.8,Tstd:349.8,Bpos:458.4,Bstd:207.4,StrandBias:-0.3,Multiplicity:1.00
0.724	0.001	0.254	0.021
0.001	0.001	0.001	0.997
0.001	0.245	0.731	0.023
0.132	0.194	0.001	0.673
0.425	0.126	0.001	0.448
0.001	0.797	0.021	0.181
0.001	0.957	0.041	0.001
0.001	0.001	0.001	0.997
0.001	0.132	0.866	0.001
0.043	0.116	0.001	0.840
0.001	0.978	0.020	0.001
0.148	0.022	0.001	0.829
>GCTCATATTCCA	8-GCTCATATTCCA	12.137042	-20.382737	0	T:58.0(0.43%),B:1.6(0.02%),P:1e-8	Tpos:464.4,Tstd:325.4,Bpos:488.0,Bstd:0.0,StrandBias:-0.5,Multiplicity:1.00
0.031	0.031	0.937	0.001
0.001	0.937	0.031	0.031
0.001	0.031	0.001	0.967
0.001	0.937	0.031	0.031
0.873	0.063	0.032	0.032
0.158	0.063	0.063	0.716
0.882	0.094	0.001	0.023
0.031	0.001	0.001	0.967
0.001	0.001	0.031	0.967
0.031	0.905	0.001	0.063
0.001	0.967	0.001	0.031
0.967	0.001	0.001	0.031
>TCWCCAKSYTGG	9-TCWCCAKSYTGG	9.881567	-20.336289	0	T:2636.0(19.59%),B:1078.7(16.17%),P:1e-8	Tpos:414.8,Tstd:333.9,Bpos:434.1,Bstd:330.0,StrandBias:0.0,Multiplicity:1.33
0.318	0.085	0.088	0.509
0.001	0.694	0.146	0.159
0.407	0.049	0.001	0.543
0.001	0.835	0.034	0.130
0.001	0.997	0.001	0.001
0.997	0.001	0.001	0.001
0.026	0.053	0.450	0.472
0.051	0.510	0.362	0.077
0.109	0.434	0.001	0.456
0.001	0.001	0.001	0.997
0.001	0.001	0.997	0.001
0.145	0.110	0.744	0.001
>ACCAGATAGTCT	10-ACCAGATAGTCT	9.941224	-19.825575	0	T:120.0(0.89%),B:15.2(0.23%),P:1e-8	Tpos:431.8,Tstd:296.6,Bpos:444.7,Bstd:378.4,StrandBias:0.4,Multiplicity:1.02
0.808	0.062	0.068	0.062
0.031	0.852	0.049	0.068
0.082	0.839	0.018	0.061
0.914	0.018	0.012	0.056
0.063	0.080	0.801	0.056
0.858	0.049	0.044	0.049
0.050	0.050	0.087	0.813
0.883	0.013	0.055	0.049
0.082	0.098	0.703	0.117
0.043	0.062	0.031	0.864
0.086	0.754	0.086	0.074
0.038	0.030	0.001	0.931
>ATCCAGACTATC	11-ATCCAGACTATC	10.559756	-19.695111	0	T:68.0(0.51%),B:3.4(0.05%),P:1e-8	Tpos:418.6,Tstd:275.0,Bpos:557.8,Bstd:156.1,StrandBias:0.1,Multiplicity:1.00
0.747	0.100	0.040	0.113
0.047	0.060	0.060	0.833
0.033	0.886	0.047	0.034
0.087	0.817	0.036	0.060
0.947	0.013	0.007	0.033
0.122	0.040	0.791	0.047
0.790	0.068	0.086	0.056
0.087	0.787	0.060	0.066
0.093	0.074	0.007	0.826
0.793	0.107	0.067	0.033
0.013	0.027	0.053	0.907
0.047	0.893	0.040	0.020
>TTTTGTATATTT	12-TTTTGTATATTT	11.371207	-19.486160	0	T:1508.0(11.21%),B:573.1(8.59%),P:1e-8	Tpos:411.0,Tstd:345.9,Bpos:407.3,Bstd:346.7,StrandBias:-0.0,Multiplicity:1.08
0.046	0.050	0.053	0.851
0.037	0.040	0.055	0.868
0.041	0.032	0.052	0.875
0.054	0.021	0.053	0.872
0.062	0.064	0.771	0.103
0.092	0.057	0.037	0.814
0.759	0.058	0.095	0.088
0.088	0.028	0.045	0.839
0.742	0.060	0.096	0.102
0.072	0.051	0.013	0.864
0.074	0.037	0.030	0.859
0.033	0.043	0.034	0.890
>GGACCATTTGGC	13-GGACCATTTGGC	11.309245	-18.141957	0	T:45.0(0.33%),B:0.0(0.00%),P:1e-7	Tpos:425.4,Tstd:296.1,Bpos:0.0,Bstd:0.0,StrandBias:-0.9,Multiplicity:1.11
0.049	0.001	0.901	0.049
0.001	0.001	0.950	0.048
0.903	0.001	0.001	0.095
0.098	0.804	0.049	0.049
0.049	0.901	0.001	0.049
0.950	0.048	0.001	0.001
0.001	0.001	0.001	0.997
0.049	0.049	0.049	0.853
0.001	0.001	0.001	0.997
0.048	0.001	0.950	0.001
0.001	0.001	0.950	0.048
0.098	0.852	0.049	0.001
>AGAGCATTCCAA	14-AGAGCATTCCAA	11.711449	-17.617008	0	T:130.0(0.97%),B:20.3(0.30%),P:1e-7	Tpos:478.8,Tstd:293.8,Bpos:497.0,Bstd:441.0,StrandBias:0.4,Multiplicity:1.00
0.970	0.001	0.001	0.028
0.176	0.001	0.822	0.001
0.955	0.001	0.022	0.022
0.088	0.001	0.889	0.022
0.088	0.889	0.001	0.022
0.977	0.021	0.001	0.001
0.001	0.001	0.110	0.888
0.001	0.065	0.001	0.933
0.001	0.866	0.001	0.132
0.022	0.934	0.022	0.022
0.977	0.021	0.001	0.001
0.891	0.001	0.107	0.001
>CCTCCCGGRTTC	15-CCTCCCGGRTTC	9.636626	-16.763103	0	T:1692.0(12.58%),B:669.4(10.04%),P:1e-7	Tpos:483.9,Tstd:516.9,Bpos:506.2,Bstd:398.8,StrandBias:-0.0,Multiplicity:1.04
0.001	0.972	0.026	0.001
0.001	0.797	0.001	0.201
0.067	0.027	0.022	0.884
0.043	0.854	0.001	0.102
0.060	0.794	0.011	0.135
0.169	0.470	0.092	0.269
0.173	0.032	0.582	0.213
0.076	0.043	0.843	0.038
0.445	0.078	0.425	0.052
0.088	0.016	0.061	0.835
0.001	0.034	0.064	0.901
0.001	0.997	0.001	0.001
>CATCTATCTATC	16-CATCTATCTATC	10.371777	-16.253291	0	T:185.0(1.38%),B:39.7(0.60%),P:1e-7	Tpos:399.2,Tstd:360.6,Bpos:563.1,Bstd:334.8,StrandBias:-0.6,Multiplicity:1.22
0.044	0.807	0.024	0.125
0.823	0.096	0.037	0.044
0.052	0.020	0.028	0.900
0.040	0.880	0.040	0.040
0.048	0.139	0.001	0.812
0.684	0.131	0.076	0.109
0.020	0.020	0.040	0.920
0.028	0.844	0.071	0.057
0.020	0.149	0.008	0.823
0.771	0.069	0.086	0.074
0.032	0.049	0.044	0.875
0.056	0.870	0.032	0.042
>CCTCWGCCTCCC	17-CCTCWGCCTCCC	10.523991	-16.183092	0	T:3143.0(23.36%),B:1342.8(20.13%),P:1e-7	Tpos:444.8,Tstd:406.0,Bpos:420.8,Bstd:344.5,StrandBias:-0.0,Multiplicity:1.63
0.056	0.793	0.107	0.044
0.001	0.836	0.001	0.162
0.010	0.143	0.001	0.846
0.007	0.692	0.191	0.110
0.225	0.208	0.194	0.372
0.087	0.001	0.658	0.254
0.001	0.968	0.024	0.007
0.013	0.960	0.017	0.010
0.006	0.015	0.006	0.973
0.001	0.836	0.001	0.162
0.014	0.884	0.011	0.091
0.059	0.653	0.001	0.287
>GTTACTCATGCT	18-GTTACTCATGCT	11.572622	-16.033635	0	T:76.0(0.56%),B:7.1(0.11%),P:1e-6	Tpos:427.3,Tstd:230.4,Bpos:636.0,Bstd:426.4,StrandBias:0.5,Multiplicity:1.00
0.001	0.166	0.832	0.001
0.001	0.001	0.001	0.997
0.001	0.041	0.001	0.957
0.875	0.083	0.041	0.001
0.001	0.957	0.041	0.001
0.001	0.001	0.001	0.997
0.001	0.917	0.041	0.041
0.957	0.001	0.001	0.041
0.001	0.001	0.207	0.791
0.001	0.001	0.997	0.001
0.001	0.833	0.041	0.125
0.083	0.001	0.041	0.875
>CACTCCCAGCTA	19-CACTCCCAGCTA	6.827256	-15.565993	0	T:4658.0(34.62%),B:2069.5(31.03%),P:1e-6	Tpos:447.1,Tstd:392.8,Bpos:458.8,Bstd:366.1,StrandBias:-0.0,Multiplicity:1.59
0.084	0.750	0.075	0.091
0.757	0.093	0.057	0.093
0.106	0.633	0.128	0.133
0.069	0.060	0.281	0.590
0.052	0.757	0.093	0.098
0.092	0.778	0.031	0.099
0.123	0.701	0.041	0.135
0.631	0.017	0.301	0.051
0.065	0.109	0.747	0.079
0.081	0.763	0.075	0.081
0.101	0.148	0.048	0.703
0.609	0.130	0.145	0.116
>TATCAGCATCCA	20-TATCAGCATCCA	10.556915	-14.471953	0	T:79.0(0.59%),B:9.9(0.15%),P:1e-6	Tpos:490.1,Tstd:469.9,Bpos:454.1,Bstd:208.2,StrandBias:0.0,Multiplicity:1.00
0.054	0.079	0.042	0.825
0.704	0.108	0.096	0.092
0.078	0.060	0.054	0.808
0.036	0.862	0.048	0.054
0.958	0.012	0.006	0.024
0.113	0.060	0.784	0.043
0.060	0.850	0.036	0.054
0.900	0.032	0.006	0.062
0.060	0.018	0.110	0.812
0.030	0.825	0.061	0.084
0.078	0.844	0.018	0.060
0.839	0.083	0.018	0.060
>GAAKGTGRGDKT	21-GAAKGTGRGDKT	8.947411	-13.763216	0	T:2274.0(16.90%),B:954.5(14.31%),P:1e-5	Tpos:476.1,Tstd:424.6,Bpos:472.2,Bstd:367.7,StrandBias:0.0,Multiplicity:1.12
0.001	0.001	0.997	0.001
0.702	0.001	0.296	0.001
0.997	0.001	0.001	0.001
0.001	0.001	0.555	0.443
0.001	0.382	0.616	0.001
0.192	0.001	0.001	0.806
0.001	0.001	0.997	0.001
0.483	0.001	0.451	0.065
0.400	0.001	0.585	0.014
0.297	0.001	0.417	0.285
0.169	0.173	0.316	0.342
0.203	0.066	0.050	0.681
>GAATGGAATGGA	22-GAATGGAATGGA	9.946879	-8.775883	0	T:293.0(2.18%),B:96.8(1.45%),P:1e-3	Tpos:468.2,Tstd:377.8,Bpos:430.2,Bstd:243.6,StrandBias:-0.4,Multiplicity:1.16
0.060	0.064	0.828	0.048
0.838	0.049	0.059	0.054
0.793	0.072	0.068	0.067
0.080	0.011	0.102	0.807
0.060	0.024	0.872	0.044
0.045	0.051	0.858	0.046
0.842	0.048	0.067	0.043
0.870	0.014	0.081	0.035
0.080	0.005	0.112	0.803
0.048	0.022	0.868	0.062
0.076	0.044	0.778	0.102
0.850	0.048	0.054	0.048
>ACACACACACAS	23-ACACACACACAS	12.189802	-8.039518	0	T:709.0(5.27%),B:278.6(4.18%),P:1e-3	Tpos:544.6,Tstd:518.2,Bpos:472.6,Bstd:373.2,StrandBias:-0.0,Multiplicity:1.39
0.764	0.186	0.033	0.017
0.001	0.997	0.001	0.001
0.924	0.001	0.001	0.074
0.176	0.691	0.132	0.001
0.997	0.001	0.001	0.001
0.084	0.584	0.180	0.152
0.997	0.001	0.001	0.001
0.073	0.588	0.233	0.106
0.945	0.001	0.053	0.001
0.031	0.629	0.217	0.123
0.932	0.020	0.047	0.001
0.001	0.490	0.406	0.103
>ATATATTATATA	24-ATATATTATATA	11.551669	-7.932028	0	T:161.0(1.20%),B:46.9(0.70%),P:1e-3	Tpos:431.8,Tstd:317.9,Bpos:420.2,Bstd:297.7,StrandBias:-0.1,Multiplicity:1.36
0.811	0.079	0.001	0.109
0.129	0.001	0.060	0.810
0.840	0.016	0.001	0.143
0.189	0.032	0.001	0.778
0.941	0.001	0.001	0.057
0.393	0.001	0.001	0.605
0.361	0.006	0.033	0.600
0.609	0.011	0.104	0.276
0.281	0.001	0.078	0.640
0.948	0.036	0.015	0.001
0.134	0.001	0.054	0.811
0.644	0.055	0.141	0.160
>TTCTTACTTTCT	25-TTCTTACTTTCT	9.670353	-6.062171	0	T:1370.0(10.18%),B:595.8(8.93%),P:1e-2	Tpos:456.5,Tstd:380.5,Bpos:456.1,Bstd:357.4,StrandBias:-0.1,Multiplicity:1.20
0.071	0.019	0.047	0.863
0.051	0.078	0.037	0.834
0.031	0.819	0.044	0.106
0.047	0.057	0.023	0.873
0.048	0.128	0.034	0.790
0.771	0.074	0.065	0.090
0.045	0.734	0.104	0.117
0.029	0.068	0.012	0.891
0.035	0.061	0.053	0.851
0.037	0.045	0.035	0.883
0.029	0.819	0.083	0.069
0.067	0.044	0.013	0.876
>TGASTCAB	1-TGASTCAB	6.502946	-497.133101	0	T:5985.0(44.49%),B:1485.9(22.28%),P:1e-215	Tpos:460.4,Tstd:295.7,Bpos:464.0,Bstd:314.5,StrandBias:0.0,Multiplicity:1.34
0.039	0.173	0.037	0.751
0.055	0.042	0.657	0.246
0.727	0.186	0.086	0.001
0.063	0.533	0.386	0.018
0.032	0.061	0.022	0.885
0.336	0.548	0.067	0.049
0.686	0.018	0.274	0.022
0.116	0.261	0.261	0.362
>TTGAGTCA	2-TTGAGTCA	6.809043	-335.660159	0	T:4691.0(34.87%),B:1187.8(17.81%),P:1e-145	Tpos:450.7,Tstd:309.0,Bpos:458.0,Bstd:279.5,StrandBias:-0.1,Multiplicity:1.06
0.097	0.001	0.069	0.833
0.001	0.001	0.001	0.997
0.001	0.001	0.997	0.001
0.997	0.001	0.001	0.001
0.001	0.001	0.997	0.001
0.001	0.001	0.001	0.997
0.204	0.794	0.001	0.001
0.997	0.001	0.001	0.001
>TGAATCAT	3-TGAATCAT	9.276518	-70.088036	0	T:2082.0(15.48%),B:646.3(9.69%),P:1e-30	Tpos:456.8,Tstd:311.1,Bpos:459.6,Bstd:304.9,StrandBias:0.0,Multiplicity:1.12
0.001	0.020	0.001	0.978
0.001	0.001	0.997	0.001
0.997	0.001	0.001	0.001
0.711	0.001	0.001	0.287
0.001	0.001	0.001	0.997
0.001	0.997	0.001	0.001
0.997	0.001	0.001	0.001
0.001	0.238	0.001	0.760
>GGAATGTA	4-GGAATGTA	6.622117	-51.340010	0	T:5009.0(37.23%),B:2018.6(30.27%),P:1e-22	Tpos:462.4,Tstd:354.6,Bpos:455.4,Bstd:331.8,StrandBias:-0.0,Multiplicity:1.31
0.001	0.024	0.974	0.001
0.001	0.001	0.922	0.076
0.911	0.001	0.055	0.033
0.997	0.001	0.001	0.001
0.001	0.021	0.020	0.958
0.001	0.023	0.811	0.165
0.001	0.108	0.075	0.816
0.709	0.152	0.109	0.030
>ACTAGTAG	5-ACTAGTAG	4.948473	-27.586146	0	T:1470.0(10.93%),B:522.2(7.83%),P:1e-11	Tpos:455.9,Tstd:372.1,Bpos:466.4,Bstd:353.0,StrandBias:0.0,Multiplicity:1.09
0.997	0.001	0.001	0.001
0.001	0.997	0.001	0.001
0.001	0.001	0.001	0.997
0.997	0.001	0.001	0.001
0.001	0.001	0.997	0.001
0.001	0.001	0.001	0.997
0.848	0.051	0.030	0.071
0.084	0.069	0.774	0.073
>TCCACCTC	6-TCCACCTC	6.462339	-27.088443	0	T:6157.0(45.77%),B:2707.5(40.60%),P:1e-11	Tpos:484.3,Tstd:440.2,Bpos:475.3,Bstd:388.0,StrandBias:0.1,Multiplicity:1.57
0.041	0.001	0.350	0.608
0.161	0.837	0.001	0.001
0.158	0.580	0.176	0.086
0.806	0.001	0.192	0.001
0.123	0.627	0.068	0.182
0.001	0.997	0.001	0.001
0.001	0.095	0.146	0.758
0.190	0.782	0.001	0.027
>ACCTAGGT	7-ACCTAGGT	7.394012	-21.497377	0	T:1821.0(13.54%),B:702.4(10.53%),P:1e-9	Tpos:462.3,Tstd:388.8,Bpos:482.0,Bstd:376.9,StrandBias:0.0,Multiplicity:1.09
0.945	0.001	0.053	0.001
0.065	0.933	0.001	0.001
0.001	0.997	0.001	0.001
0.001	0.001	0.084	0.914
0.844	0.001	0.154	0.001
0.001	0.040	0.842	0.117
0.265	0.001	0.733	0.001
0.164	0.001	0.001	0.834
>TGGDDBGC	8-TGGDDBGC	5.086235	-19.153343	0	T:5277.0(39.23%),B:2338.0(35.06%),P:1e-8	Tpos:448.1,Tstd:388.8,Bpos:439.4,Bstd:343.2,StrandBias:0.0,Multiplicity:1.50
0.031	0.153	0.253	0.563
0.232	0.149	0.472	0.147
0.001	0.028	0.970	0.001
0.305	0.080	0.327	0.288
0.386	0.040	0.292	0.282
0.045	0.269	0.329	0.358
0.156	0.199	0.490	0.154
0.049	0.613	0.012	0.326
>GTTCAAGC	9-GTTCAAGC	7.282235	-18.727778	0	T:3182.0(23.65%),B:1342.0(20.12%),P:1e-8	Tpos:438.1,Tstd:359.9,Bpos:448.1,Bstd:346.6,StrandBias:0.0,Multiplicity:1.19
0.001	0.001	0.997	0.001
0.047	0.001	0.001	0.951
0.001	0.001	0.001	0.997
0.001	0.950	0.048	0.001
0.957	0.001	0.041	0.001
0.937	0.001	0.061	0.001
0.077	0.122	0.735	0.066
0.179	0.742	0.001	0.078
>WCGGCTCA	10-WCGGCTCA	6.581986	-18.467973	0	T:2387.0(17.74%),B:975.9(14.63%),P:1e-8	Tpos:484.5,Tstd:429.6,Bpos:489.3,Bstd:385.7,StrandBias:0.0,Multiplicity:1.13
0.440	0.001	0.033	0.526
0.001	0.828	0.001	0.170
0.051	0.336	0.519	0.094
0.079	0.044	0.832	0.045
0.003	0.930	0.066	0.001
0.002	0.053	0.198	0.747
0.001	0.736	0.003	0.260
0.558	0.375	0.038	0.029
>TAGCCGGG	11-TAGCCGGG	5.587221	-16.352230	0	T:5676.0(42.19%),B:2556.6(38.33%),P:1e-7	Tpos:465.6,Tstd:422.5,Bpos:470.6,Bstd:373.4,StrandBias:0.0,Multiplicity:1.64
0.001	0.001	0.025	0.973
0.909	0.058	0.032	0.001
0.001	0.001	0.997	0.001
0.001	0.914	0.084	0.001
0.063	0.654	0.034	0.249
0.140	0.001	0.858	0.001
0.001	0.043	0.955	0.001
0.092	0.001	0.906	0.001
>CTCTACTA	12-CTCTACTA	9.710643	-15.209444	0	T:1566.0(11.64%),B:621.0(9.31%),P:1e-6	Tpos:410.7,Tstd:335.9,Bpos:424.7,Bstd:329.9,StrandBias:0.0,Multiplicity:1.07
0.001	0.741	0.257	0.001
0.001	0.001	0.001	0.997
0.001	0.997	0.001	0.001
0.001	0.001	0.001	0.997
0.997	0.001	0.001	0.001
0.001	0.997	0.001	0.001
0.001	0.001	0.001	0.997
0.997	0.001	0.001	0.001
>GGTTTCAC	13-GGTTTCAC	9.464872	-11.982533	0	T:1521.0(11.31%),B:620.3(9.30%),P:1e-5	Tpos:428.9,Tstd:373.4,Bpos:449.3,Bstd:343.3,StrandBias:0.0,Multiplicity:1.07
0.001	0.001	0.997	0.001
0.001	0.001	0.997	0.001
0.001	0.001	0.001	0.997
0.001	0.001	0.001	0.997
0.001	0.001	0.201	0.797
0.001	0.997	0.001	0.001
0.997	0.001	0.001	0.001
0.001	0.997	0.001	0.001
>CCTGTAAT	14-CCTGTAAT	7.236339	-10.770903	0	T:3050.0(22.67%),B:1343.3(20.14%),P:1e-4	Tpos:421.5,Tstd:337.8,Bpos:414.5,Bstd:326.1,StrandBias:0.0,Multiplicity:1.37
0.001	0.997	0.001	0.001
0.001	0.997	0.001	0.001
0.077	0.001	0.130	0.792
0.001	0.001	0.997	0.001
0.001	0.001	0.001	0.997
0.997	0.001	0.001	0.001
0.832	0.001	0.166	0.001
0.001	0.001	0.001	0.997
>MTACWAAA	15-MTACWAAA	7.221610	-10.150890	0	T:2410.0(17.91%),B:1046.1(15.69%),P:1e-4	Tpos:419.3,Tstd:344.7,Bpos:408.6,Bstd:335.8,StrandBias:0.0,Multiplicity:1.11
0.550	0.448	0.001	0.001
0.147	0.063	0.126	0.664
0.688	0.204	0.046	0.062
0.070	0.734	0.135	0.061
0.456	0.001	0.001	0.542
0.787	0.054	0.059	0.100
0.519	0.090	0.277	0.114
0.608	0.106	0.090	0.196
>AGATAGAT	16-AGATAGAT	6.483342	-8.855389	0	T:1175.0(8.73%),B:483.6(7.25%),P:1e-3	Tpos:425.5,Tstd:366.7,Bpos:476.1,Bstd:372.9,StrandBias:0.1,Multiplicity:1.26
0.933	0.065	0.001	0.001
0.001	0.001	0.997	0.001
0.868	0.001	0.130	0.001
0.001	0.001	0.001	0.997
0.865	0.133	0.001	0.001
0.001	0.001	0.997	0.001
0.791	0.001	0.207	0.001
0.001	0.001	0.001	0.997
>ACACACAC	17-ACACACAC	9.021379	-1.865248	0	T:1777.0(13.21%),B:846.3(12.69%),P:1e0	Tpos:527.7,Tstd:490.5,Bpos:482.1,Bstd:384.0,StrandBias:0.0,Multiplicity:1.52
0.997	0.001	0.001	0.001
0.001	0.997	0.001	0.001
0.997	0.001	0.001	0.001
0.001	0.869	0.001	0.129
0.997	0.001	0.001	0.001
0.001	0.997	0.001	0.001
0.997	0.001	0.001	0.001
0.001	0.997	0.001	0.001
