>TTTTTTTTTTTT	9-TTTTTTTTTTTT	10.759760	-9.159968	0	T:52.0(16.51%),B:281.7(9.34%),P:1e-3
0.027	0.123	0.165	0.685
0.027	0.160	0.290	0.523
0.028	0.059	0.198	0.715
0.024	0.027	0.221	0.728
0.065	0.028	0.200	0.707
0.068	0.027	0.222	0.683
0.027	0.041	0.247	0.685
0.014	0.041	0.190	0.755
0.001	0.027	0.177	0.795
0.027	0.001	0.159	0.813
0.041	0.014	0.118	0.827
0.054	0.014	0.124	0.808
