>AGAGAGAGAGAG	13-AGAGAGAGAGAG	9.158836	-5.371510	0	T:18.0(13.24%),B:199.4(6.59%),P:1e-2
0.830	0.001	0.141	0.028
0.295	0.085	0.579	0.041
0.971	0.001	0.001	0.027
0.133	0.057	0.759	0.051
0.832	0.001	0.001	0.166
0.420	0.001	0.578	0.001
0.924	0.001	0.001	0.074
0.234	0.048	0.689	0.029
0.845	0.001	0.029	0.125
0.291	0.055	0.569	0.085
0.547	0.157	0.095	0.201
0.306	0.083	0.526	0.085
