>CCTTYYTTYCCT	12-CCTTYYTTYCCT	10.555156	-7.084014	0	T:3.0(0.95%),B:0.9(0.03%),P:1e-3
0.234	0.675	0.001	0.090
0.016	0.613	0.001	0.370
0.141	0.230	0.016	0.613
0.065	0.181	0.017	0.737
0.001	0.535	0.016	0.448
0.082	0.508	0.001	0.409
0.016	0.280	0.033	0.671
0.099	0.225	0.065	0.611
0.001	0.377	0.147	0.474
0.033	0.645	0.016	0.306
0.016	0.564	0.016	0.404
0.127	0.065	0.017	0.791
