>AGCTATGAATCA	5-AGCTATGAATCA	10.020823	-22.429502	0	T:199.0(1.48%),B:35.6(0.53%),P:1e-9
0.811	0.030	0.099	0.060
0.044	0.052	0.836	0.068
0.066	0.793	0.052	0.089
0.079	0.112	0.014	0.795
0.789	0.084	0.033	0.094
0.046	0.005	0.035	0.914
0.053	0.049	0.849	0.049
0.858	0.054	0.039	0.049
0.868	0.023	0.020	0.089
0.113	0.040	0.049	0.798
0.070	0.828	0.058	0.044
0.874	0.060	0.010	0.056
