>AGACTATCTGGT	10-ACCAGATAGTCT	9.941224	-19.825575	0	T:120.0(0.89%),B:15.2(0.23%),P:1e-8
0.931	0.001	0.030	0.038
0.074	0.086	0.754	0.086
0.864	0.031	0.062	0.043
0.117	0.703	0.098	0.082
0.049	0.055	0.013	0.883
0.813	0.087	0.050	0.050
0.049	0.044	0.049	0.858
0.056	0.801	0.080	0.063
0.056	0.012	0.018	0.914
0.061	0.018	0.839	0.082
0.068	0.049	0.852	0.031
0.062	0.068	0.062	0.808
