>TTTTGTATATTT	12-TTTTGTATATTT,BestGuess:IDD5(C2H2)/colamp-IDD5-DAP-Seq(GSE60143)/Homer(0.754)	11.371207	-19.486160	0	T:1508.0(11.21%),B:573.1(8.59%),P:1e-8
0.046	0.050	0.053	0.851
0.037	0.040	0.055	0.868
0.041	0.032	0.052	0.875
0.054	0.021	0.053	0.872
0.062	0.064	0.771	0.103
0.092	0.057	0.037	0.814
0.759	0.058	0.095	0.088
0.088	0.028	0.045	0.839
0.742	0.060	0.096	0.102
0.072	0.051	0.013	0.864
0.074	0.037	0.030	0.859
0.033	0.043	0.034	0.890
