>CACTCCCAGCTA	19-CACTCCCAGCTA	6.827256	-15.565993	0	T:4658.0(34.62%),B:2069.5(31.03%),P:1e-6
0.084	0.750	0.075	0.091
0.757	0.093	0.057	0.093
0.106	0.633	0.128	0.133
0.069	0.060	0.281	0.590
0.052	0.757	0.093	0.098
0.092	0.778	0.031	0.099
0.123	0.701	0.041	0.135
0.631	0.017	0.301	0.051
0.065	0.109	0.747	0.079
0.081	0.763	0.075	0.081
0.101	0.148	0.048	0.703
0.609	0.130	0.145	0.116
