>TTGGAATGCTCT	14-AGAGCATTCCAA	11.711449	-17.617008	0	T:130.0(0.97%),B:20.3(0.30%),P:1e-7
0.001	0.107	0.001	0.891
0.001	0.001	0.021	0.977
0.022	0.022	0.934	0.022
0.132	0.001	0.866	0.001
0.933	0.001	0.065	0.001
0.888	0.110	0.001	0.001
0.001	0.001	0.021	0.977
0.022	0.001	0.889	0.088
0.022	0.889	0.001	0.088
0.022	0.022	0.001	0.955
0.001	0.822	0.001	0.176
0.028	0.001	0.001	0.970
