>ATCCAGACTATC	11-ATCCAGACTATC	10.559756	-19.695111	0	T:68.0(0.51%),B:3.4(0.05%),P:1e-8
0.747	0.100	0.040	0.113
0.047	0.060	0.060	0.833
0.033	0.886	0.047	0.034
0.087	0.817	0.036	0.060
0.947	0.013	0.007	0.033
0.122	0.040	0.791	0.047
0.790	0.068	0.086	0.056
0.087	0.787	0.060	0.066
0.093	0.074	0.007	0.826
0.793	0.107	0.067	0.033
0.013	0.027	0.053	0.907
0.047	0.893	0.040	0.020
