>TTTTACATGGAG	6-CTCCATGTAAAA	10.542444	-21.743935	0	T:84.0(0.62%),B:5.3(0.08%),P:1e-9
0.044	0.042	0.037	0.877
0.133	0.096	0.154	0.617
0.113	0.097	0.105	0.685
0.272	0.033	0.031	0.664
0.516	0.027	0.206	0.251
0.152	0.493	0.216	0.139
0.605	0.161	0.022	0.212
0.043	0.039	0.058	0.860
0.050	0.009	0.906	0.035
0.038	0.124	0.653	0.185
0.677	0.011	0.103	0.209
0.066	0.084	0.803	0.047
