>GCTCATATTCCA	8-GCTCATATTCCA	12.137042	-20.382737	0	T:58.0(0.43%),B:1.6(0.02%),P:1e-8
0.031	0.031	0.937	0.001
0.001	0.937	0.031	0.031
0.001	0.031	0.001	0.967
0.001	0.937	0.031	0.031
0.873	0.063	0.032	0.032
0.158	0.063	0.063	0.716
0.882	0.094	0.001	0.023
0.031	0.001	0.001	0.967
0.001	0.001	0.031	0.967
0.031	0.905	0.001	0.063
0.001	0.967	0.001	0.031
0.967	0.001	0.001	0.031
