>ATATATTATATA	24-ATATATTATATA	11.551669	-7.932028	0	T:161.0(1.20%),B:46.9(0.70%),P:1e-3
0.811	0.079	0.001	0.109
0.129	0.001	0.060	0.810
0.840	0.016	0.001	0.143
0.189	0.032	0.001	0.778
0.941	0.001	0.001	0.057
0.393	0.001	0.001	0.605
0.361	0.006	0.033	0.600
0.609	0.011	0.104	0.276
0.281	0.001	0.078	0.640
0.948	0.036	0.015	0.001
0.134	0.001	0.054	0.811
0.644	0.055	0.141	0.160
