>TTCTTACTTTCT	25-TTCTTACTTTCT	9.670353	-6.062171	0	T:1370.0(10.18%),B:595.8(8.93%),P:1e-2
0.071	0.019	0.047	0.863
0.051	0.078	0.037	0.834
0.031	0.819	0.044	0.106
0.047	0.057	0.023	0.873
0.048	0.128	0.034	0.790
0.771	0.074	0.065	0.090
0.045	0.734	0.104	0.117
0.029	0.068	0.012	0.891
0.035	0.061	0.053	0.851
0.037	0.045	0.035	0.883
0.029	0.819	0.083	0.069
0.067	0.044	0.013	0.876
