>GAATGGAATGGA	22-GAATGGAATGGA	9.946879	-8.775883	0	T:293.0(2.18%),B:96.8(1.45%),P:1e-3
0.060	0.064	0.828	0.048
0.838	0.049	0.059	0.054
0.793	0.072	0.068	0.067
0.080	0.011	0.102	0.807
0.060	0.024	0.872	0.044
0.045	0.051	0.858	0.046
0.842	0.048	0.067	0.043
0.870	0.014	0.081	0.035
0.080	0.005	0.112	0.803
0.048	0.022	0.868	0.062
0.076	0.044	0.778	0.102
0.850	0.048	0.054	0.048
