>CCTCWGCCTCCC	17-CCTCWGCCTCCC	10.523991	-16.183092	0	T:3143.0(23.36%),B:1342.8(20.13%),P:1e-7
0.056	0.793	0.107	0.044
0.001	0.836	0.001	0.162
0.010	0.143	0.001	0.846
0.007	0.692	0.191	0.110
0.225	0.208	0.194	0.372
0.087	0.001	0.658	0.254
0.001	0.968	0.024	0.007
0.013	0.960	0.017	0.010
0.006	0.015	0.006	0.973
0.001	0.836	0.001	0.162
0.014	0.884	0.011	0.091
0.059	0.653	0.001	0.287
