>TATCAGCATCCA	20-TATCAGCATCCA,BestGuess:SWI5/Literature(Harbison)/Yeast(0.649)	10.556915	-14.471953	0	T:79.0(0.59%),B:9.9(0.15%),P:1e-6
0.054	0.079	0.042	0.825
0.704	0.108	0.096	0.092
0.078	0.060	0.054	0.808
0.036	0.862	0.048	0.054
0.958	0.012	0.006	0.024
0.113	0.060	0.784	0.043
0.060	0.850	0.036	0.054
0.900	0.032	0.006	0.062
0.060	0.018	0.110	0.812
0.030	0.825	0.061	0.084
0.078	0.844	0.018	0.060
0.839	0.083	0.018	0.060
