>AAATATACAAAA	12-TTTTGTATATTT	11.371207	-19.486160	0	T:1508.0(11.21%),B:573.1(8.59%),P:1e-8
0.890	0.034	0.043	0.033
0.859	0.030	0.037	0.074
0.864	0.013	0.051	0.072
0.102	0.096	0.060	0.742
0.839	0.045	0.028	0.088
0.088	0.095	0.058	0.759
0.814	0.037	0.057	0.092
0.103	0.771	0.064	0.062
0.872	0.053	0.021	0.054
0.875	0.052	0.032	0.041
0.868	0.055	0.040	0.037
0.851	0.053	0.050	0.046
