>CTTCTGGGTTCA	1-CTTCTGGGTTCA	7.987671	-18.397917	0	T:278.0(8.54%),B:3.6(1.16%),P:1e-7	Tpos:77.0,Tstd:43.2,Bpos:85.9,Bstd:33.5,StrandBias:-0.1,Multiplicity:1.02
0.001	0.654	0.001	0.344
0.001	0.131	0.001	0.867
0.001	0.395	0.020	0.584
0.001	0.959	0.001	0.039
0.171	0.277	0.067	0.484
0.330	0.001	0.668	0.001
0.208	0.001	0.790	0.001
0.123	0.200	0.457	0.220
0.001	0.001	0.166	0.832
0.001	0.221	0.001	0.777
0.001	0.997	0.001	0.001
0.796	0.001	0.001	0.202
>AGWKTGAGAMCA	2-AGWKTGAGAMCA	9.543532	-12.307859	0	T:185.0(5.68%),B:2.5(0.80%),P:1e-5	Tpos:77.4,Tstd:42.2,Bpos:91.2,Bstd:34.9,StrandBias:0.1,Multiplicity:1.01
0.887	0.026	0.013	0.074
0.246	0.015	0.652	0.087
0.543	0.010	0.006	0.441
0.017	0.181	0.414	0.388
0.078	0.135	0.211	0.576
0.087	0.032	0.876	0.005
0.919	0.001	0.025	0.055
0.035	0.049	0.890	0.026
0.875	0.076	0.043	0.006
0.371	0.424	0.013	0.192
0.066	0.853	0.053	0.028
0.728	0.209	0.014	0.049
>GAGGCCGAGGNN	3-GAGGCCGAGGNN	6.597040	-11.560068	0	T:124.0(3.81%),B:0.8(0.25%),P:1e-5	Tpos:72.8,Tstd:33.6,Bpos:137.0,Bstd:0.0,StrandBias:-0.1,Multiplicity:1.00
0.191	0.212	0.416	0.181
0.407	0.162	0.221	0.209
0.166	0.135	0.527	0.172
0.139	0.146	0.583	0.132
0.137	0.587	0.148	0.128
0.165	0.539	0.129	0.167
0.167	0.173	0.515	0.145
0.589	0.121	0.154	0.136
0.130	0.113	0.636	0.121
0.173	0.162	0.515	0.150
0.213	0.343	0.238	0.205
0.231	0.218	0.344	0.206
>AGCCACCRCGCC	4-AGCCACCRCGCC	8.688058	-10.631377	0	T:295.0(9.06%),B:9.8(3.14%),P:1e-4	Tpos:71.3,Tstd:38.1,Bpos:73.9,Bstd:42.2,StrandBias:-0.3,Multiplicity:1.01
0.727	0.200	0.072	0.001
0.084	0.001	0.914	0.001
0.017	0.948	0.001	0.034
0.001	0.997	0.001	0.001
0.965	0.001	0.033	0.001
0.001	0.914	0.001	0.084
0.017	0.706	0.051	0.226
0.404	0.001	0.544	0.051
0.001	0.690	0.001	0.308
0.255	0.039	0.689	0.017
0.072	0.859	0.001	0.068
0.051	0.829	0.001	0.119
>GGAGGTTGCAGT	5-GGAGGTTGCAGT	10.207368	-10.018795	0	T:179.0(5.50%),B:3.6(1.15%),P:1e-4	Tpos:80.4,Tstd:42.0,Bpos:54.9,Bstd:47.8,StrandBias:0.1,Multiplicity:1.01
0.195	0.013	0.727	0.065
0.039	0.013	0.935	0.013
0.944	0.001	0.026	0.029
0.052	0.014	0.921	0.013
0.014	0.128	0.832	0.026
0.027	0.260	0.065	0.648
0.026	0.001	0.104	0.869
0.070	0.026	0.877	0.027
0.065	0.817	0.039	0.079
0.835	0.001	0.099	0.065
0.014	0.052	0.882	0.052
0.014	0.039	0.026	0.921
