>GGAGATGGAG	1-GGAGATGGAG	7.558617	-23.174410	0	T:331.0(10.17%),B:3.8(1.22%),P:1e-10	Tpos:79.5,Tstd:40.0,Bpos:94.1,Bstd:48.9,StrandBias:0.1,Multiplicity:1.08
0.001	0.001	0.997	0.001
0.067	0.001	0.931	0.001
0.997	0.001	0.001	0.001
0.175	0.001	0.823	0.001
0.591	0.001	0.363	0.045
0.001	0.145	0.001	0.853
0.001	0.394	0.604	0.001
0.001	0.001	0.997	0.001
0.751	0.001	0.178	0.070
0.001	0.001	0.997	0.001
>AGTARAKACA	2-AGTARAKACA	7.465954	-15.411716	0	T:286.0(8.79%),B:5.8(1.84%),P:1e-6	Tpos:75.3,Tstd:41.8,Bpos:53.0,Bstd:33.6,StrandBias:0.1,Multiplicity:1.04
0.859	0.001	0.139	0.001
0.142	0.079	0.720	0.059
0.094	0.140	0.217	0.549
0.869	0.057	0.001	0.073
0.488	0.084	0.394	0.033
0.815	0.001	0.112	0.072
0.103	0.017	0.500	0.380
0.803	0.001	0.104	0.092
0.204	0.651	0.101	0.044
0.886	0.058	0.001	0.055
>CAAATATAAA	3-CAAATATAAA	8.550411	-12.225612	0	T:131.0(4.02%),B:0.8(0.25%),P:1e-5	Tpos:74.1,Tstd:39.9,Bpos:70.9,Bstd:5.3,StrandBias:0.0,Multiplicity:1.05
0.120	0.667	0.114	0.099
0.906	0.029	0.011	0.054
0.777	0.074	0.037	0.112
0.900	0.034	0.037	0.029
0.134	0.054	0.062	0.750
0.758	0.039	0.086	0.117
0.154	0.075	0.050	0.721
0.833	0.040	0.037	0.090
0.819	0.063	0.032	0.086
0.876	0.034	0.043	0.047
>NKGTGGAKCA	4-NKGTGGAKCA	7.144769	-11.707445	0	T:178.0(5.47%),B:2.1(0.68%),P:1e-5	Tpos:74.9,Tstd:39.0,Bpos:31.9,Bstd:39.2,StrandBias:0.3,Multiplicity:1.12
0.313	0.214	0.284	0.189
0.259	0.007	0.410	0.324
0.043	0.209	0.715	0.033
0.349	0.014	0.020	0.617
0.010	0.001	0.942	0.047
0.348	0.020	0.611	0.021
0.427	0.246	0.270	0.057
0.240	0.047	0.291	0.421
0.235	0.672	0.063	0.030
0.780	0.168	0.018	0.034
>ACATAAAATT	5-ACATAAAATT	8.434959	-11.536652	0	T:176.0(5.41%),B:2.7(0.86%),P:1e-5	Tpos:72.8,Tstd:41.2,Bpos:92.2,Bstd:54.3,StrandBias:0.0,Multiplicity:1.03
0.854	0.044	0.056	0.046
0.122	0.698	0.055	0.125
0.874	0.039	0.018	0.069
0.160	0.078	0.076	0.686
0.819	0.055	0.053	0.073
0.869	0.048	0.044	0.039
0.832	0.064	0.056	0.048
0.839	0.043	0.046	0.072
0.144	0.064	0.092	0.700
0.058	0.057	0.039	0.846
>CTTCTGGGTTCA	1-CTTCTGGGTTCA	7.987671	-18.397917	0	T:278.0(8.54%),B:3.6(1.16%),P:1e-7	Tpos:77.0,Tstd:43.2,Bpos:85.9,Bstd:33.5,StrandBias:-0.1,Multiplicity:1.02
0.001	0.654	0.001	0.344
0.001	0.131	0.001	0.867
0.001	0.395	0.020	0.584
0.001	0.959	0.001	0.039
0.171	0.277	0.067	0.484
0.330	0.001	0.668	0.001
0.208	0.001	0.790	0.001
0.123	0.200	0.457	0.220
0.001	0.001	0.166	0.832
0.001	0.221	0.001	0.777
0.001	0.997	0.001	0.001
0.796	0.001	0.001	0.202
>AGWKTGAGAMCA	2-AGWKTGAGAMCA	9.543532	-12.307859	0	T:185.0(5.68%),B:2.5(0.80%),P:1e-5	Tpos:77.4,Tstd:42.2,Bpos:91.2,Bstd:34.9,StrandBias:0.1,Multiplicity:1.01
0.887	0.026	0.013	0.074
0.246	0.015	0.652	0.087
0.543	0.010	0.006	0.441
0.017	0.181	0.414	0.388
0.078	0.135	0.211	0.576
0.087	0.032	0.876	0.005
0.919	0.001	0.025	0.055
0.035	0.049	0.890	0.026
0.875	0.076	0.043	0.006
0.371	0.424	0.013	0.192
0.066	0.853	0.053	0.028
0.728	0.209	0.014	0.049
>GAGGCCGAGGNN	3-GAGGCCGAGGNN	6.597040	-11.560068	0	T:124.0(3.81%),B:0.8(0.25%),P:1e-5	Tpos:72.8,Tstd:33.6,Bpos:137.0,Bstd:0.0,StrandBias:-0.1,Multiplicity:1.00
0.191	0.212	0.416	0.181
0.407	0.162	0.221	0.209
0.166	0.135	0.527	0.172
0.139	0.146	0.583	0.132
0.137	0.587	0.148	0.128
0.165	0.539	0.129	0.167
0.167	0.173	0.515	0.145
0.589	0.121	0.154	0.136
0.130	0.113	0.636	0.121
0.173	0.162	0.515	0.150
0.213	0.343	0.238	0.205
0.231	0.218	0.344	0.206
>AGCCACCRCGCC	4-AGCCACCRCGCC	8.688058	-10.631377	0	T:295.0(9.06%),B:9.8(3.14%),P:1e-4	Tpos:71.3,Tstd:38.1,Bpos:73.9,Bstd:42.2,StrandBias:-0.3,Multiplicity:1.01
0.727	0.200	0.072	0.001
0.084	0.001	0.914	0.001
0.017	0.948	0.001	0.034
0.001	0.997	0.001	0.001
0.965	0.001	0.033	0.001
0.001	0.914	0.001	0.084
0.017	0.706	0.051	0.226
0.404	0.001	0.544	0.051
0.001	0.690	0.001	0.308
0.255	0.039	0.689	0.017
0.072	0.859	0.001	0.068
0.051	0.829	0.001	0.119
>GGAGGTTGCAGT	5-GGAGGTTGCAGT	10.207368	-10.018795	0	T:179.0(5.50%),B:3.6(1.15%),P:1e-4	Tpos:80.4,Tstd:42.0,Bpos:54.9,Bstd:47.8,StrandBias:0.1,Multiplicity:1.01
0.195	0.013	0.727	0.065
0.039	0.013	0.935	0.013
0.944	0.001	0.026	0.029
0.052	0.014	0.921	0.013
0.014	0.128	0.832	0.026
0.027	0.260	0.065	0.648
0.026	0.001	0.104	0.869
0.070	0.026	0.877	0.027
0.065	0.817	0.039	0.079
0.835	0.001	0.099	0.065
0.014	0.052	0.882	0.052
0.014	0.039	0.026	0.921
>CACGGCCT	1-CACGGCCT	5.865469	-26.700778	0	T:369.0(11.34%),B:4.0(1.27%),P:1e-11	Tpos:75.4,Tstd:38.5,Bpos:95.4,Bstd:44.2,StrandBias:-0.0,Multiplicity:1.12
0.045	0.851	0.029	0.075
0.697	0.145	0.053	0.105
0.217	0.665	0.082	0.036
0.132	0.174	0.605	0.089
0.071	0.145	0.748	0.036
0.049	0.838	0.062	0.051
0.097	0.823	0.023	0.057
0.137	0.023	0.056	0.784
>TTAGGGTG	2-TTAGGGTG	5.925407	-19.716132	0	T:358.0(11.00%),B:6.8(2.18%),P:1e-8	Tpos:72.7,Tstd:40.4,Bpos:65.7,Bstd:46.2,StrandBias:-0.0,Multiplicity:1.06
0.222	0.119	0.077	0.582
0.001	0.147	0.120	0.732
0.756	0.013	0.077	0.154
0.098	0.001	0.764	0.137
0.001	0.001	0.997	0.001
0.168	0.157	0.512	0.163
0.063	0.003	0.001	0.933
0.001	0.040	0.722	0.237
>GGTGGACM	3-GGTGGACM	6.853963	-17.242279	0	T:241.0(7.40%),B:2.2(0.70%),P:1e-7	Tpos:77.5,Tstd:41.0,Bpos:42.5,Bstd:54.7,StrandBias:0.2,Multiplicity:1.02
0.191	0.031	0.777	0.001
0.020	0.128	0.846	0.006
0.392	0.003	0.001	0.604
0.034	0.001	0.908	0.057
0.046	0.062	0.890	0.002
0.771	0.001	0.001	0.227
0.081	0.665	0.001	0.253
0.334	0.460	0.001	0.205
>CACGGYTA	4-CACGGYTA	5.775586	-16.547875	0	T:339.0(10.41%),B:7.9(2.52%),P:1e-7	Tpos:74.7,Tstd:40.9,Bpos:92.0,Bstd:30.5,StrandBias:-0.1,Multiplicity:1.05
0.083	0.844	0.043	0.030
0.888	0.048	0.003	0.061
0.324	0.576	0.016	0.084
0.001	0.057	0.604	0.338
0.148	0.074	0.554	0.224
0.036	0.457	0.064	0.443
0.075	0.087	0.170	0.668
0.835	0.072	0.050	0.043
>CATTTGAC	5-CATTTGAC	6.531264	-15.541130	0	T:267.0(8.20%),B:4.8(1.53%),P:1e-6	Tpos:72.9,Tstd:42.0,Bpos:92.0,Bstd:40.3,StrandBias:0.1,Multiplicity:1.05
0.050	0.813	0.073	0.064
0.918	0.046	0.009	0.027
0.001	0.036	0.001	0.962
0.041	0.001	0.064	0.894
0.037	0.005	0.032	0.926
0.001	0.063	0.831	0.105
0.997	0.001	0.001	0.001
0.133	0.723	0.106	0.038
>AACATTGA	6-AACATTGA	6.912096	-14.123550	0	T:361.0(11.09%),B:11.0(3.52%),P:1e-6	Tpos:77.6,Tstd:42.0,Bpos:69.4,Bstd:31.6,StrandBias:0.0,Multiplicity:1.07
0.976	0.001	0.001	0.022
0.853	0.041	0.059	0.047
0.089	0.812	0.038	0.061
0.934	0.041	0.006	0.019
0.075	0.032	0.065	0.828
0.019	0.001	0.067	0.913
0.071	0.032	0.834	0.063
0.877	0.028	0.021	0.074
>CGCCTCCA	7-CGCCTCCA	7.316138	-13.389035	0	T:241.0(7.40%),B:4.8(1.54%),P:1e-5	Tpos:74.9,Tstd:40.9,Bpos:83.2,Bstd:7.0,StrandBias:0.1,Multiplicity:1.05
0.001	0.809	0.001	0.189
0.001	0.155	0.762	0.082
0.001	0.904	0.001	0.094
0.001	0.997	0.001	0.001
0.206	0.001	0.001	0.792
0.001	0.997	0.001	0.001
0.001	0.997	0.001	0.001
0.740	0.001	0.001	0.258
>ACGCCCGG	8-ACGCCCGG	5.291595	-11.697026	0	T:436.0(13.39%),B:17.2(5.51%),P:1e-5	Tpos:78.4,Tstd:41.8,Bpos:81.2,Bstd:31.4,StrandBias:-0.1,Multiplicity:1.12
0.759	0.118	0.089	0.034
0.161	0.616	0.119	0.104
0.081	0.103	0.664	0.152
0.049	0.810	0.074	0.067
0.042	0.855	0.067	0.036
0.085	0.787	0.051	0.077
0.038	0.112	0.705	0.145
0.058	0.078	0.828	0.036
>CGTGAATT	9-CGTGAATT	6.291044	-10.259732	0	T:182.0(5.59%),B:3.5(1.12%),P:1e-4	Tpos:72.2,Tstd:38.9,Bpos:69.2,Bstd:18.6,StrandBias:0.4,Multiplicity:1.03
0.100	0.700	0.100	0.100
0.100	0.100	0.700	0.100
0.100	0.100	0.100	0.700
0.100	0.100	0.700	0.100
0.700	0.100	0.100	0.100
0.700	0.100	0.100	0.100
0.100	0.100	0.100	0.700
0.100	0.100	0.100	0.700
