>CACGGCCT	1-CACGGCCT	5.865469	-26.700778	0	T:369.0(11.34%),B:4.0(1.27%),P:1e-11	Tpos:75.4,Tstd:38.5,Bpos:95.4,Bstd:44.2,StrandBias:-0.0,Multiplicity:1.12
0.045	0.851	0.029	0.075
0.697	0.145	0.053	0.105
0.217	0.665	0.082	0.036
0.132	0.174	0.605	0.089
0.071	0.145	0.748	0.036
0.049	0.838	0.062	0.051
0.097	0.823	0.023	0.057
0.137	0.023	0.056	0.784
>TTAGGGTG	2-TTAGGGTG	5.925407	-19.716132	0	T:358.0(11.00%),B:6.8(2.18%),P:1e-8	Tpos:72.7,Tstd:40.4,Bpos:65.7,Bstd:46.2,StrandBias:-0.0,Multiplicity:1.06
0.222	0.119	0.077	0.582
0.001	0.147	0.120	0.732
0.756	0.013	0.077	0.154
0.098	0.001	0.764	0.137
0.001	0.001	0.997	0.001
0.168	0.157	0.512	0.163
0.063	0.003	0.001	0.933
0.001	0.040	0.722	0.237
>GGTGGACM	3-GGTGGACM	6.853963	-17.242279	0	T:241.0(7.40%),B:2.2(0.70%),P:1e-7	Tpos:77.5,Tstd:41.0,Bpos:42.5,Bstd:54.7,StrandBias:0.2,Multiplicity:1.02
0.191	0.031	0.777	0.001
0.020	0.128	0.846	0.006
0.392	0.003	0.001	0.604
0.034	0.001	0.908	0.057
0.046	0.062	0.890	0.002
0.771	0.001	0.001	0.227
0.081	0.665	0.001	0.253
0.334	0.460	0.001	0.205
>CACGGYTA	4-CACGGYTA	5.775586	-16.547875	0	T:339.0(10.41%),B:7.9(2.52%),P:1e-7	Tpos:74.7,Tstd:40.9,Bpos:92.0,Bstd:30.5,StrandBias:-0.1,Multiplicity:1.05
0.083	0.844	0.043	0.030
0.888	0.048	0.003	0.061
0.324	0.576	0.016	0.084
0.001	0.057	0.604	0.338
0.148	0.074	0.554	0.224
0.036	0.457	0.064	0.443
0.075	0.087	0.170	0.668
0.835	0.072	0.050	0.043
>CATTTGAC	5-CATTTGAC	6.531264	-15.541130	0	T:267.0(8.20%),B:4.8(1.53%),P:1e-6	Tpos:72.9,Tstd:42.0,Bpos:92.0,Bstd:40.3,StrandBias:0.1,Multiplicity:1.05
0.050	0.813	0.073	0.064
0.918	0.046	0.009	0.027
0.001	0.036	0.001	0.962
0.041	0.001	0.064	0.894
0.037	0.005	0.032	0.926
0.001	0.063	0.831	0.105
0.997	0.001	0.001	0.001
0.133	0.723	0.106	0.038
>AACATTGA	6-AACATTGA	6.912096	-14.123550	0	T:361.0(11.09%),B:11.0(3.52%),P:1e-6	Tpos:77.6,Tstd:42.0,Bpos:69.4,Bstd:31.6,StrandBias:0.0,Multiplicity:1.07
0.976	0.001	0.001	0.022
0.853	0.041	0.059	0.047
0.089	0.812	0.038	0.061
0.934	0.041	0.006	0.019
0.075	0.032	0.065	0.828
0.019	0.001	0.067	0.913
0.071	0.032	0.834	0.063
0.877	0.028	0.021	0.074
>CGCCTCCA	7-CGCCTCCA	7.316138	-13.389035	0	T:241.0(7.40%),B:4.8(1.54%),P:1e-5	Tpos:74.9,Tstd:40.9,Bpos:83.2,Bstd:7.0,StrandBias:0.1,Multiplicity:1.05
0.001	0.809	0.001	0.189
0.001	0.155	0.762	0.082
0.001	0.904	0.001	0.094
0.001	0.997	0.001	0.001
0.206	0.001	0.001	0.792
0.001	0.997	0.001	0.001
0.001	0.997	0.001	0.001
0.740	0.001	0.001	0.258
>ACGCCCGG	8-ACGCCCGG	5.291595	-11.697026	0	T:436.0(13.39%),B:17.2(5.51%),P:1e-5	Tpos:78.4,Tstd:41.8,Bpos:81.2,Bstd:31.4,StrandBias:-0.1,Multiplicity:1.12
0.759	0.118	0.089	0.034
0.161	0.616	0.119	0.104
0.081	0.103	0.664	0.152
0.049	0.810	0.074	0.067
0.042	0.855	0.067	0.036
0.085	0.787	0.051	0.077
0.038	0.112	0.705	0.145
0.058	0.078	0.828	0.036
>CGTGAATT	9-CGTGAATT	6.291044	-10.259732	0	T:182.0(5.59%),B:3.5(1.12%),P:1e-4	Tpos:72.2,Tstd:38.9,Bpos:69.2,Bstd:18.6,StrandBias:0.4,Multiplicity:1.03
0.100	0.700	0.100	0.100
0.100	0.100	0.700	0.100
0.100	0.100	0.100	0.700
0.100	0.100	0.700	0.100
0.700	0.100	0.100	0.100
0.700	0.100	0.100	0.100
0.100	0.100	0.100	0.700
0.100	0.100	0.100	0.700
