>GGAGATGGAG	1-GGAGATGGAG	7.558617	-23.174410	0	T:331.0(10.17%),B:3.8(1.22%),P:1e-10	Tpos:79.5,Tstd:40.0,Bpos:94.1,Bstd:48.9,StrandBias:0.1,Multiplicity:1.08
0.001	0.001	0.997	0.001
0.067	0.001	0.931	0.001
0.997	0.001	0.001	0.001
0.175	0.001	0.823	0.001
0.591	0.001	0.363	0.045
0.001	0.145	0.001	0.853
0.001	0.394	0.604	0.001
0.001	0.001	0.997	0.001
0.751	0.001	0.178	0.070
0.001	0.001	0.997	0.001
>AGTARAKACA	2-AGTARAKACA	7.465954	-15.411716	0	T:286.0(8.79%),B:5.8(1.84%),P:1e-6	Tpos:75.3,Tstd:41.8,Bpos:53.0,Bstd:33.6,StrandBias:0.1,Multiplicity:1.04
0.859	0.001	0.139	0.001
0.142	0.079	0.720	0.059
0.094	0.140	0.217	0.549
0.869	0.057	0.001	0.073
0.488	0.084	0.394	0.033
0.815	0.001	0.112	0.072
0.103	0.017	0.500	0.380
0.803	0.001	0.104	0.092
0.204	0.651	0.101	0.044
0.886	0.058	0.001	0.055
>CAAATATAAA	3-CAAATATAAA	8.550411	-12.225612	0	T:131.0(4.02%),B:0.8(0.25%),P:1e-5	Tpos:74.1,Tstd:39.9,Bpos:70.9,Bstd:5.3,StrandBias:0.0,Multiplicity:1.05
0.120	0.667	0.114	0.099
0.906	0.029	0.011	0.054
0.777	0.074	0.037	0.112
0.900	0.034	0.037	0.029
0.134	0.054	0.062	0.750
0.758	0.039	0.086	0.117
0.154	0.075	0.050	0.721
0.833	0.040	0.037	0.090
0.819	0.063	0.032	0.086
0.876	0.034	0.043	0.047
>NKGTGGAKCA	4-NKGTGGAKCA	7.144769	-11.707445	0	T:178.0(5.47%),B:2.1(0.68%),P:1e-5	Tpos:74.9,Tstd:39.0,Bpos:31.9,Bstd:39.2,StrandBias:0.3,Multiplicity:1.12
0.313	0.214	0.284	0.189
0.259	0.007	0.410	0.324
0.043	0.209	0.715	0.033
0.349	0.014	0.020	0.617
0.010	0.001	0.942	0.047
0.348	0.020	0.611	0.021
0.427	0.246	0.270	0.057
0.240	0.047	0.291	0.421
0.235	0.672	0.063	0.030
0.780	0.168	0.018	0.034
>ACATAAAATT	5-ACATAAAATT	8.434959	-11.536652	0	T:176.0(5.41%),B:2.7(0.86%),P:1e-5	Tpos:72.8,Tstd:41.2,Bpos:92.2,Bstd:54.3,StrandBias:0.0,Multiplicity:1.03
0.854	0.044	0.056	0.046
0.122	0.698	0.055	0.125
0.874	0.039	0.018	0.069
0.160	0.078	0.076	0.686
0.819	0.055	0.053	0.073
0.869	0.048	0.044	0.039
0.832	0.064	0.056	0.048
0.839	0.043	0.046	0.072
0.144	0.064	0.092	0.700
0.058	0.057	0.039	0.846
