>RNCATGTGACHN	1-RNCATGTGACHN	7.197163	-150.787680	0	T:1565.0(23.47%),B:1820.4(13.63%),P:1e-65	Tpos:450.5,Tstd:313.2,Bpos:464.5,Bstd:402.4,StrandBias:0.0,Multiplicity:1.11
0.377	0.222	0.255	0.146
0.188	0.265	0.255	0.291
0.089	0.783	0.061	0.067
0.730	0.192	0.033	0.045
0.076	0.116	0.112	0.696
0.100	0.186	0.708	0.006
0.114	0.001	0.090	0.795
0.032	0.046	0.921	0.001
0.599	0.115	0.136	0.150
0.103	0.608	0.112	0.177
0.333	0.309	0.078	0.280
0.280	0.190	0.234	0.296
>NMAGTCACATGA	2-NMAGTCACATGA	8.934805	-144.345943	0	T:850.0(12.75%),B:760.7(5.70%),P:1e-62	Tpos:469.4,Tstd:343.7,Bpos:463.5,Bstd:378.3,StrandBias:0.0,Multiplicity:1.09
0.283	0.303	0.205	0.210
0.482	0.421	0.001	0.095
0.683	0.001	0.001	0.315
0.310	0.066	0.501	0.123
0.026	0.002	0.147	0.825
0.001	0.934	0.064	0.001
0.833	0.077	0.001	0.089
0.001	0.914	0.016	0.069
0.997	0.001	0.001	0.001
0.227	0.001	0.023	0.749
0.001	0.001	0.997	0.001
0.544	0.124	0.183	0.149
>AAAGARGCCTTT	3-AAAGARGCCTTT	7.914411	-112.905928	0	T:1971.0(29.55%),B:2679.4(20.06%),P:1e-49	Tpos:456.1,Tstd:317.2,Bpos:473.0,Bstd:434.8,StrandBias:-0.0,Multiplicity:1.22
0.888	0.025	0.065	0.022
0.935	0.023	0.034	0.008
0.854	0.006	0.065	0.075
0.304	0.055	0.621	0.020
0.792	0.044	0.132	0.032
0.428	0.021	0.506	0.045
0.116	0.156	0.624	0.104
0.130	0.647	0.121	0.102
0.068	0.785	0.019	0.128
0.370	0.049	0.004	0.577
0.010	0.071	0.073	0.846
0.021	0.029	0.052	0.898
>NRAACAAAGGNM	4-NRAACAAAGGNM	7.673339	-72.049708	0	T:1525.0(22.87%),B:2133.8(15.98%),P:1e-31	Tpos:473.5,Tstd:344.3,Bpos:488.5,Bstd:448.3,StrandBias:0.1,Multiplicity:1.16
0.240	0.275	0.218	0.267
0.377	0.191	0.238	0.195
0.769	0.109	0.072	0.050
0.874	0.037	0.059	0.030
0.001	0.903	0.052	0.044
0.893	0.032	0.044	0.031
0.828	0.069	0.073	0.030
0.908	0.013	0.031	0.048
0.077	0.123	0.745	0.055
0.203	0.134	0.602	0.061
0.266	0.242	0.210	0.282
0.275	0.366	0.155	0.204
>CATCACATGATA	5-CATCACATGATA	9.593302	-55.610366	0	T:252.0(3.78%),B:191.9(1.44%),P:1e-24	Tpos:463.9,Tstd:264.8,Bpos:576.5,Bstd:748.7,StrandBias:-0.3,Multiplicity:1.02
0.084	0.831	0.036	0.049
0.869	0.071	0.001	0.059
0.079	0.185	0.195	0.541
0.106	0.781	0.098	0.015
0.917	0.011	0.001	0.071
0.055	0.768	0.065	0.112
0.888	0.026	0.001	0.085
0.064	0.001	0.025	0.910
0.001	0.073	0.925	0.001
0.689	0.050	0.118	0.143
0.051	0.213	0.225	0.511
0.459	0.194	0.106	0.241
>GTCAGCTGAYHW	6-GTCAGCTGAYHW	10.011740	-47.355498	0	T:256.0(3.84%),B:216.3(1.62%),P:1e-20	Tpos:473.5,Tstd:405.9,Bpos:521.6,Bstd:666.4,StrandBias:0.0,Multiplicity:1.06
0.233	0.199	0.567	0.001
0.001	0.001	0.001	0.997
0.001	0.997	0.001	0.001
0.898	0.001	0.001	0.100
0.001	0.001	0.997	0.001
0.001	0.997	0.001	0.001
0.302	0.001	0.001	0.696
0.001	0.001	0.895	0.103
0.997	0.001	0.001	0.001
0.001	0.475	0.079	0.444
0.312	0.227	0.097	0.365
0.277	0.218	0.120	0.385
>ACACAAAGAACA	7-ACACAAAGAACA	10.200032	-37.271770	0	T:222.0(3.33%),B:198.8(1.49%),P:1e-16	Tpos:456.5,Tstd:355.1,Bpos:516.1,Bstd:478.6,StrandBias:-0.1,Multiplicity:1.02
0.963	0.001	0.018	0.018
0.126	0.754	0.077	0.043
0.921	0.043	0.001	0.035
0.001	0.869	0.061	0.069
0.946	0.018	0.035	0.001
0.972	0.001	0.026	0.001
0.980	0.001	0.018	0.001
0.001	0.018	0.980	0.001
0.946	0.018	0.035	0.001
0.963	0.018	0.001	0.018
0.049	0.880	0.028	0.043
0.918	0.070	0.001	0.011
>ATTAGGGATTGG	8-ATTAGGGATTGG	13.401813	-33.864583	0	T:36.0(0.54%),B:2.0(0.02%),P:1e-14	Tpos:480.8,Tstd:255.8,Bpos:429.4,Bstd:19.9,StrandBias:-0.3,Multiplicity:1.00
0.997	0.001	0.001	0.001
0.001	0.001	0.001	0.997
0.001	0.001	0.001	0.997
0.997	0.001	0.001	0.001
0.169	0.001	0.661	0.169
0.001	0.001	0.661	0.337
0.001	0.001	0.997	0.001
0.997	0.001	0.001	0.001
0.001	0.001	0.144	0.854
0.001	0.001	0.001	0.997
0.168	0.001	0.830	0.001
0.001	0.001	0.997	0.001
>GCTGCCTTCAAA	9-GCTGCCTTCAAA	11.551468	-33.131844	0	T:81.0(1.21%),B:37.6(0.28%),P:1e-14	Tpos:428.8,Tstd:264.2,Bpos:565.0,Bstd:393.8,StrandBias:0.3,Multiplicity:1.00
0.001	0.014	0.857	0.128
0.095	0.878	0.001	0.026
0.001	0.001	0.001	0.997
0.001	0.014	0.865	0.120
0.001	0.704	0.001	0.294
0.001	0.985	0.001	0.013
0.026	0.133	0.001	0.840
0.022	0.041	0.228	0.709
0.106	0.604	0.067	0.223
0.754	0.075	0.170	0.001
0.860	0.108	0.014	0.018
0.709	0.001	0.289	0.001
>ACAGAACAAAAT	10-ACAGAACAAAAT	13.217533	-30.013729	0	T:63.0(0.94%),B:25.0(0.19%),P:1e-13	Tpos:503.9,Tstd:301.7,Bpos:503.5,Bstd:338.1,StrandBias:0.1,Multiplicity:1.00
0.997	0.001	0.001	0.001
0.001	0.997	0.001	0.001
0.997	0.001	0.001	0.001
0.001	0.001	0.997	0.001
0.997	0.001	0.001	0.001
0.939	0.001	0.001	0.059
0.001	0.929	0.001	0.069
0.969	0.029	0.001	0.001
0.781	0.001	0.217	0.001
0.997	0.001	0.001	0.001
0.997	0.001	0.001	0.001
0.129	0.063	0.001	0.807
>TTTGCAACAGCA	11-TTTGCAACAGCA	12.048145	-28.734088	0	T:58.0(0.87%),B:21.9(0.16%),P:1e-12	Tpos:499.5,Tstd:365.2,Bpos:415.4,Bstd:228.1,StrandBias:-0.3,Multiplicity:1.07
0.001	0.034	0.001	0.964
0.018	0.104	0.001	0.877
0.001	0.001	0.034	0.964
0.034	0.001	0.964	0.001
0.028	0.929	0.001	0.042
0.929	0.069	0.001	0.001
0.911	0.035	0.019	0.035
0.055	0.875	0.035	0.035
0.964	0.001	0.001	0.034
0.035	0.035	0.860	0.070
0.069	0.756	0.174	0.001
0.997	0.001	0.001	0.001
>GCTTTCTTTCAG	12-GCTTTCTTTCAG	10.136780	-26.862216	0	T:199.0(2.98%),B:198.6(1.49%),P:1e-11	Tpos:478.2,Tstd:468.8,Bpos:538.2,Bstd:547.7,StrandBias:0.2,Multiplicity:1.04
0.087	0.100	0.731	0.082
0.042	0.804	0.022	0.132
0.020	0.039	0.037	0.904
0.043	0.061	0.049	0.847
0.028	0.065	0.044	0.863
0.025	0.823	0.105	0.047
0.072	0.041	0.023	0.864
0.034	0.049	0.059	0.858
0.090	0.057	0.142	0.711
0.050	0.858	0.065	0.027
0.889	0.021	0.012	0.078
0.050	0.037	0.853	0.060
>AACAAAGCACAT	13-AACAAAGCACAT	13.107844	-25.586997	0	T:38.0(0.57%),B:8.0(0.06%),P:1e-11	Tpos:441.2,Tstd:241.9,Bpos:485.6,Bstd:275.1,StrandBias:-0.5,Multiplicity:1.00
0.997	0.001	0.001	0.001
0.997	0.001	0.001	0.001
0.001	0.997	0.001	0.001
0.997	0.001	0.001	0.001
0.997	0.001	0.001	0.001
0.997	0.001	0.001	0.001
0.001	0.050	0.948	0.001
0.001	0.846	0.152	0.001
0.997	0.001	0.001	0.001
0.001	0.915	0.083	0.001
0.957	0.001	0.041	0.001
0.001	0.001	0.001	0.997
>CCTGGGTACTTG	14-CCTGGGTACTTG	13.593462	-24.640882	0	T:25.0(0.37%),B:2.0(0.01%),P:1e-10	Tpos:459.5,Tstd:238.5,Bpos:463.0,Bstd:34.6,StrandBias:-1.0,Multiplicity:1.00
0.052	0.946	0.001	0.001
0.001	0.946	0.001	0.052
0.001	0.001	0.001	0.997
0.001	0.001	0.997	0.001
0.001	0.001	0.997	0.001
0.001	0.001	0.997	0.001
0.001	0.001	0.001	0.997
0.997	0.001	0.001	0.001
0.001	0.997	0.001	0.001
0.001	0.001	0.001	0.997
0.001	0.001	0.001	0.997
0.001	0.001	0.997	0.001
>TAAAACGGTGCT	15-TAAAACGGTGCT	10.409522	-22.726664	0	T:32.0(0.48%),B:6.6(0.05%),P:1e-9	Tpos:445.8,Tstd:285.2,Bpos:391.4,Bstd:187.8,StrandBias:0.2,Multiplicity:1.00
0.100	0.100	0.100	0.700
0.700	0.100	0.100	0.100
0.700	0.100	0.100	0.100
0.700	0.100	0.100	0.100
0.700	0.100	0.100	0.100
0.100	0.700	0.100	0.100
0.100	0.100	0.700	0.100
0.100	0.100	0.700	0.100
0.100	0.100	0.100	0.700
0.100	0.100	0.700	0.100
0.100	0.700	0.100	0.100
0.100	0.100	0.100	0.700
>GGCTGGCTCTCA	16-GGCTGGCTCTCA	13.977823	-19.342394	0	T:20.0(0.30%),B:1.6(0.01%),P:1e-8	Tpos:428.8,Tstd:291.8,Bpos:420.4,Bstd:183.0,StrandBias:0.0,Multiplicity:2.90
0.001	0.254	0.744	0.001
0.001	0.001	0.997	0.001
0.001	0.870	0.128	0.001
0.001	0.126	0.001	0.872
0.001	0.001	0.997	0.001
0.254	0.001	0.619	0.126
0.126	0.872	0.001	0.001
0.001	0.001	0.380	0.618
0.001	0.997	0.001	0.001
0.001	0.001	0.001	0.997
0.001	0.997	0.001	0.001
0.620	0.001	0.378	0.001
>GATGCCATTCAT	17-GATGCCATTCAT	9.679624	-17.993631	0	T:133.0(1.99%),B:134.4(1.01%),P:1e-7	Tpos:400.3,Tstd:285.2,Bpos:411.5,Bstd:256.8,StrandBias:-0.2,Multiplicity:1.00
0.066	0.049	0.830	0.055
0.778	0.073	0.066	0.083
0.036	0.024	0.067	0.873
0.073	0.079	0.772	0.076
0.042	0.829	0.061	0.068
0.082	0.900	0.012	0.006
0.861	0.043	0.039	0.057
0.094	0.079	0.091	0.736
0.060	0.001	0.054	0.885
0.069	0.871	0.024	0.036
0.885	0.072	0.025	0.018
0.043	0.051	0.115	0.791
>GGACCCCCATCG	18-GGACCCCCATCG	12.387937	-17.601801	0	T:16.0(0.24%),B:0.0(0.00%),P:1e-7	Tpos:378.7,Tstd:243.9,Bpos:0.0,Bstd:0.0,StrandBias:0.5,Multiplicity:2.88
0.001	0.001	0.997	0.001
0.022	0.022	0.955	0.001
0.659	0.250	0.068	0.023
0.001	0.997	0.001	0.001
0.001	0.976	0.022	0.001
0.022	0.976	0.001	0.001
0.001	0.997	0.001	0.001
0.001	0.997	0.001	0.001
0.931	0.001	0.067	0.001
0.001	0.001	0.022	0.976
0.001	0.976	0.022	0.001
0.001	0.001	0.997	0.001
>CCTCGYGGGGGG	19-CCTCGYGGGGGG	11.889951	-17.069312	0	T:23.0(0.34%),B:4.6(0.03%),P:1e-7	Tpos:448.0,Tstd:446.1,Bpos:643.0,Bstd:372.1,StrandBias:-0.2,Multiplicity:2.22
0.027	0.892	0.027	0.054
0.027	0.919	0.027	0.027
0.001	0.082	0.001	0.916
0.001	0.997	0.001	0.001
0.126	0.165	0.605	0.104
0.027	0.478	0.082	0.413
0.028	0.137	0.539	0.296
0.001	0.001	0.743	0.255
0.001	0.054	0.944	0.001
0.199	0.001	0.799	0.001
0.083	0.027	0.889	0.001
0.082	0.118	0.627	0.173
>ATCGCAGGGGGG	20-ATCGCAGGGGGG	13.433196	-16.189335	0	T:17.0(0.25%),B:1.3(0.01%),P:1e-7	Tpos:430.7,Tstd:207.6,Bpos:438.0,Bstd:0.0,StrandBias:0.7,Multiplicity:1.85
0.997	0.001	0.001	0.001
0.001	0.001	0.001	0.997
0.001	0.899	0.001	0.099
0.099	0.001	0.899	0.001
0.099	0.899	0.001	0.001
0.997	0.001	0.001	0.001
0.001	0.001	0.997	0.001
0.001	0.100	0.799	0.100
0.199	0.001	0.799	0.001
0.099	0.001	0.899	0.001
0.001	0.001	0.899	0.099
0.001	0.001	0.997	0.001
>TCTCCTGCACTA	21-TCTCCTGCACTA	11.783445	-14.254958	0	T:20.0(0.30%),B:4.1(0.03%),P:1e-6	Tpos:401.0,Tstd:250.1,Bpos:525.4,Bstd:229.2,StrandBias:1.6,Multiplicity:1.47
0.092	0.043	0.081	0.784
0.054	0.795	0.067	0.084
0.040	0.193	0.025	0.742
0.083	0.790	0.054	0.073
0.080	0.817	0.027	0.076
0.254	0.027	0.018	0.701
0.071	0.071	0.779	0.079
0.182	0.690	0.086	0.042
0.864	0.045	0.027	0.064
0.099	0.712	0.091	0.098
0.089	0.060	0.067	0.784
0.546	0.170	0.194	0.090
>CGGCTGGCCGGG	22-CGGCTGGCCGGG	13.637428	-13.063828	0	T:14.0(0.21%),B:1.1(0.01%),P:1e-5	Tpos:420.6,Tstd:298.6,Bpos:842.0,Bstd:0.0,StrandBias:-1.3,Multiplicity:1.71
0.001	0.940	0.001	0.058
0.001	0.001	0.997	0.001
0.058	0.001	0.940	0.001
0.001	0.997	0.001	0.001
0.001	0.001	0.001	0.997
0.001	0.001	0.997	0.001
0.001	0.001	0.997	0.001
0.001	0.997	0.001	0.001
0.001	0.997	0.001	0.001
0.001	0.001	0.940	0.058
0.001	0.001	0.997	0.001
0.001	0.001	0.997	0.001
>ATTACACGTGAT	23-ATTACACGTGAT	12.606082	-11.265760	0	T:18.0(0.27%),B:5.7(0.04%),P:1e-4	Tpos:557.4,Tstd:294.4,Bpos:440.4,Bstd:318.7,StrandBias:1.5,Multiplicity:1.89
0.997	0.001	0.001	0.001
0.122	0.001	0.001	0.876
0.001	0.001	0.001	0.997
0.876	0.001	0.001	0.122
0.122	0.876	0.001	0.001
0.997	0.001	0.001	0.001
0.150	0.726	0.123	0.001
0.250	0.001	0.626	0.123
0.001	0.001	0.001	0.997
0.001	0.001	0.997	0.001
0.997	0.001	0.001	0.001
0.122	0.001	0.001	0.876
>CCCCGTCCGGGA	24-CCCCGTCCGGGA	13.156892	-8.468108	0	T:11.0(0.16%),B:2.4(0.02%),P:1e-3	Tpos:502.8,Tstd:316.7,Bpos:835.1,Bstd:125.8,StrandBias:2.0,Multiplicity:2.73
0.001	0.997	0.001	0.001
0.001	0.997	0.001	0.001
0.001	0.997	0.001	0.001
0.001	0.959	0.001	0.039
0.048	0.001	0.950	0.001
0.001	0.020	0.001	0.978
0.001	0.997	0.001	0.001
0.001	0.708	0.040	0.251
0.079	0.001	0.919	0.001
0.001	0.001	0.997	0.001
0.001	0.001	0.997	0.001
0.959	0.001	0.001	0.039
>GCCAGGGGGGGA	25-GCCAGGGGGGGA	11.140477	-7.491682	0	T:45.0(0.67%),B:44.1(0.33%),P:1e-3	Tpos:475.9,Tstd:317.5,Bpos:620.6,Bstd:770.6,StrandBias:-0.1,Multiplicity:2.49
0.047	0.067	0.826	0.060
0.043	0.917	0.031	0.009
0.197	0.740	0.045	0.018
0.878	0.021	0.059	0.042
0.045	0.074	0.807	0.074
0.040	0.044	0.834	0.082
0.015	0.224	0.682	0.079
0.033	0.030	0.898	0.039
0.048	0.023	0.849	0.080
0.064	0.051	0.835	0.050
0.100	0.047	0.840	0.013
0.902	0.034	0.036	0.028
