>GTCACATGAC	1-GTCACATGAC	7.736043	-289.632919	0	T:1432.0(21.47%),B:1202.9(9.01%),P:1e-125	Tpos:469.5,Tstd:325.8,Bpos:482.5,Bstd:493.2,StrandBias:-0.1,Multiplicity:1.15
0.272	0.063	0.603	0.062
0.048	0.073	0.099	0.780
0.030	0.942	0.019	0.009
0.838	0.079	0.020	0.063
0.043	0.889	0.049	0.019
0.866	0.069	0.050	0.015
0.090	0.035	0.008	0.867
0.013	0.001	0.977	0.009
0.712	0.128	0.070	0.090
0.112	0.529	0.059	0.300
>VBCCTTTGTT	2-VBCCTTTGTT	7.571558	-111.779853	0	T:2680.0(40.19%),B:3968.8(29.72%),P:1e-48	Tpos:475.1,Tstd:340.5,Bpos:495.4,Bstd:495.3,StrandBias:-0.0,Multiplicity:1.38
0.237	0.339	0.319	0.104
0.141	0.315	0.342	0.201
0.001	0.502	0.238	0.259
0.001	0.997	0.001	0.001
0.321	0.091	0.001	0.587
0.001	0.008	0.001	0.990
0.001	0.001	0.001	0.997
0.001	0.009	0.989	0.001
0.007	0.001	0.001	0.991
0.092	0.197	0.258	0.453
>CACGTGCTNK	3-CACGTGCTNK	7.152841	-94.958167	0	T:1586.0(23.78%),B:2108.6(15.79%),P:1e-41	Tpos:468.1,Tstd:392.8,Bpos:525.6,Bstd:587.3,StrandBias:-0.0,Multiplicity:1.27
0.001	0.997	0.001	0.001
0.761	0.061	0.001	0.177
0.001	0.677	0.065	0.257
0.001	0.077	0.921	0.001
0.001	0.001	0.154	0.844
0.001	0.001	0.997	0.001
0.270	0.439	0.180	0.110
0.001	0.223	0.001	0.775
0.199	0.312	0.303	0.186
0.099	0.181	0.310	0.410
>NKTGACCTTT	4-NKTGACCTTT	8.845034	-63.697449	0	T:1083.0(16.24%),B:1426.9(10.69%),P:1e-27	Tpos:493.3,Tstd:374.1,Bpos:495.1,Bstd:473.2,StrandBias:-0.0,Multiplicity:1.06
0.193	0.236	0.293	0.278
0.047	0.170	0.410	0.372
0.001	0.001	0.001	0.997
0.001	0.001	0.997	0.001
0.703	0.174	0.122	0.001
0.001	0.997	0.001	0.001
0.297	0.701	0.001	0.001
0.001	0.001	0.001	0.997
0.001	0.001	0.001	0.997
0.008	0.001	0.001	0.990
>GRYCTTTTAT	5-GRYCTTTTAT	5.596392	-62.166481	0	T:3894.0(58.39%),B:6713.5(50.27%),P:1e-26	Tpos:467.4,Tstd:368.2,Bpos:478.4,Bstd:459.6,StrandBias:0.0,Multiplicity:1.61
0.101	0.072	0.758	0.069
0.421	0.191	0.307	0.081
0.056	0.395	0.085	0.464
0.063	0.782	0.065	0.090
0.115	0.128	0.042	0.715
0.050	0.058	0.082	0.810
0.067	0.098	0.107	0.728
0.074	0.082	0.093	0.751
0.573	0.029	0.374	0.024
0.072	0.115	0.082	0.731
>ATCAGCTGAC	6-ATCAGCTGAC	8.076900	-61.335550	0	T:520.0(7.80%),B:543.4(4.07%),P:1e-26	Tpos:481.0,Tstd:388.1,Bpos:496.9,Bstd:524.5,StrandBias:0.0,Multiplicity:1.06
0.819	0.048	0.132	0.001
0.013	0.046	0.044	0.897
0.072	0.919	0.001	0.008
0.913	0.001	0.011	0.075
0.013	0.001	0.985	0.001
0.001	0.997	0.001	0.001
0.014	0.008	0.029	0.949
0.010	0.001	0.974	0.015
0.915	0.068	0.001	0.016
0.001	0.804	0.073	0.122
>AGATACAAGA	7-AGATACAAGA	7.269501	-33.928089	0	T:1437.0(21.55%),B:2259.7(16.92%),P:1e-14	Tpos:474.4,Tstd:387.3,Bpos:458.7,Bstd:426.9,StrandBias:-0.0,Multiplicity:1.14
0.714	0.097	0.113	0.076
0.068	0.091	0.754	0.087
0.895	0.031	0.049	0.025
0.111	0.063	0.060	0.766
0.806	0.077	0.054	0.063
0.080	0.801	0.086	0.033
0.887	0.055	0.013	0.045
0.850	0.036	0.054	0.060
0.057	0.057	0.832	0.054
0.701	0.122	0.120	0.057
>TGTTCTGTTC	8-TGTTCTGTTC	7.654587	-30.370932	0	T:992.0(14.87%),B:1490.6(11.16%),P:1e-13	Tpos:467.4,Tstd:359.4,Bpos:477.1,Bstd:443.6,StrandBias:0.2,Multiplicity:1.13
0.049	0.061	0.079	0.811
0.060	0.109	0.799	0.032
0.060	0.147	0.041	0.752
0.080	0.067	0.051	0.802
0.093	0.780	0.084	0.043
0.070	0.022	0.023	0.885
0.040	0.041	0.820	0.099
0.061	0.059	0.089	0.791
0.073	0.087	0.082	0.758
0.086	0.806	0.060	0.048
>AGCCCCTCTT	9-AGCCCCTCTT	9.555118	-25.684181	0	T:283.0(4.24%),B:327.6(2.45%),P:1e-11	Tpos:476.0,Tstd:445.6,Bpos:569.8,Bstd:651.9,StrandBias:-0.1,Multiplicity:1.19
0.989	0.009	0.001	0.001
0.014	0.034	0.934	0.018
0.020	0.935	0.026	0.019
0.001	0.969	0.009	0.021
0.001	0.970	0.003	0.026
0.001	0.955	0.009	0.035
0.095	0.010	0.001	0.894
0.001	0.939	0.001	0.059
0.001	0.073	0.062	0.864
0.020	0.001	0.118	0.861
>TTGTGTCTGC	10-TTGTGTCTGC	8.982027	-23.887003	0	T:495.0(7.42%),B:679.4(5.09%),P:1e-10	Tpos:478.2,Tstd:392.6,Bpos:511.1,Bstd:450.0,StrandBias:0.1,Multiplicity:1.03
0.001	0.036	0.024	0.939
0.088	0.001	0.073	0.838
0.001	0.001	0.997	0.001
0.034	0.001	0.028	0.937
0.041	0.160	0.765	0.034
0.049	0.001	0.062	0.888
0.070	0.822	0.049	0.059
0.001	0.001	0.022	0.976
0.001	0.036	0.937	0.026
0.016	0.897	0.025	0.062
>TGCGGAAGGC	11-TGCGGAAGGC	10.915793	-22.850215	0	T:29.0(0.43%),B:4.4(0.03%),P:1e-9	Tpos:458.4,Tstd:263.2,Bpos:721.4,Bstd:169.9,StrandBias:0.2,Multiplicity:1.00
0.001	0.001	0.001	0.997
0.071	0.001	0.927	0.001
0.001	0.997	0.001	0.001
0.001	0.001	0.997	0.001
0.001	0.058	0.824	0.117
0.997	0.001	0.001	0.001
0.997	0.001	0.001	0.001
0.001	0.001	0.997	0.001
0.001	0.001	0.997	0.001
0.001	0.997	0.001	0.001
>TGCACCTGCT	12-TGCACCTGCT	7.660229	-21.130551	0	T:316.0(4.74%),B:401.2(3.00%),P:1e-9	Tpos:473.5,Tstd:482.1,Bpos:560.3,Bstd:701.0,StrandBias:-0.1,Multiplicity:1.07
0.278	0.147	0.010	0.565
0.207	0.117	0.639	0.037
0.202	0.651	0.115	0.032
0.763	0.036	0.025	0.176
0.020	0.580	0.195	0.205
0.243	0.542	0.015	0.200
0.146	0.179	0.032	0.643
0.045	0.188	0.747	0.020
0.098	0.495	0.158	0.250
0.151	0.194	0.026	0.629
>ACACGAAGCA	13-ACACGAAGCA	10.662411	-21.021933	0	T:76.0(1.14%),B:51.9(0.39%),P:1e-9	Tpos:533.8,Tstd:321.3,Bpos:506.6,Bstd:300.5,StrandBias:-0.4,Multiplicity:1.01
0.997	0.001	0.001	0.001
0.001	0.725	0.273	0.001
0.997	0.001	0.001	0.001
0.164	0.834	0.001	0.001
0.001	0.001	0.997	0.001
0.997	0.001	0.001	0.001
0.657	0.119	0.001	0.223
0.001	0.001	0.997	0.001
0.001	0.997	0.001	0.001
0.817	0.001	0.001	0.181
>GTCAGTCGAC	14-GTCAGTCGAC	7.860339	-20.989821	0	T:196.0(2.94%),B:215.8(1.62%),P:1e-9	Tpos:464.8,Tstd:308.0,Bpos:538.3,Bstd:539.4,StrandBias:-0.1,Multiplicity:1.02
0.042	0.051	0.851	0.056
0.076	0.082	0.042	0.800
0.080	0.860	0.026	0.034
0.901	0.034	0.032	0.033
0.035	0.038	0.843	0.084
0.035	0.057	0.080	0.828
0.095	0.754	0.053	0.098
0.081	0.061	0.696	0.162
0.654	0.093	0.101	0.152
0.057	0.820	0.050	0.073
>KAKACKTTTC	15-KAKACKTTTC	8.549048	-20.004428	0	T:137.0(2.05%),B:133.3(1.00%),P:1e-8	Tpos:404.3,Tstd:269.3,Bpos:521.9,Bstd:477.9,StrandBias:-0.2,Multiplicity:1.01
0.228	0.001	0.447	0.323
0.753	0.136	0.011	0.100
0.103	0.160	0.295	0.441
0.592	0.194	0.061	0.153
0.001	0.946	0.040	0.013
0.001	0.001	0.496	0.502
0.234	0.005	0.114	0.647
0.019	0.238	0.020	0.723
0.001	0.291	0.001	0.707
0.001	0.631	0.007	0.361
>GCCGCCCCGT	16-GCCGCCCCGT	10.381677	-15.250427	0	T:32.0(0.48%),B:13.9(0.10%),P:1e-6	Tpos:477.4,Tstd:374.1,Bpos:547.3,Bstd:578.6,StrandBias:1.4,Multiplicity:1.47
0.001	0.001	0.997	0.001
0.001	0.997	0.001	0.001
0.001	0.997	0.001	0.001
0.001	0.040	0.958	0.001
0.001	0.997	0.001	0.001
0.001	0.997	0.001	0.001
0.001	0.958	0.001	0.040
0.001	0.820	0.001	0.178
0.001	0.001	0.997	0.001
0.001	0.001	0.001	0.997
>GGCTMATAGG	17-GGCTMATAGG	9.576971	-14.510100	0	T:125.0(1.87%),B:135.2(1.01%),P:1e-6	Tpos:444.0,Tstd:316.5,Bpos:510.7,Bstd:587.1,StrandBias:-0.3,Multiplicity:1.26
0.001	0.050	0.948	0.001
0.001	0.126	0.832	0.041
0.105	0.529	0.365	0.001
0.001	0.001	0.057	0.941
0.543	0.455	0.001	0.001
0.660	0.001	0.003	0.336
0.001	0.033	0.001	0.965
0.972	0.026	0.001	0.001
0.001	0.001	0.894	0.104
0.079	0.001	0.919	0.001
>ACTGAGAGCC	18-ACTGAGAGCC	11.599446	-14.354811	0	T:81.0(1.21%),B:73.5(0.55%),P:1e-6	Tpos:422.3,Tstd:297.9,Bpos:596.6,Bstd:713.1,StrandBias:0.4,Multiplicity:1.52
0.997	0.001	0.001	0.001
0.001	0.997	0.001	0.001
0.001	0.001	0.001	0.997
0.001	0.001	0.997	0.001
0.997	0.001	0.001	0.001
0.001	0.001	0.997	0.001
0.874	0.001	0.001	0.124
0.001	0.001	0.997	0.001
0.139	0.859	0.001	0.001
0.001	0.997	0.001	0.001
>GCCTCGTGGG	19-GCCTCGTGGG	10.802271	-13.886872	0	T:68.0(1.02%),B:57.8(0.43%),P:1e-6	Tpos:454.3,Tstd:363.0,Bpos:917.9,Bstd:1147.8,StrandBias:0.1,Multiplicity:1.36
0.001	0.001	0.997	0.001
0.001	0.976	0.001	0.022
0.077	0.921	0.001	0.001
0.001	0.116	0.001	0.882
0.001	0.997	0.001	0.001
0.001	0.001	0.997	0.001
0.001	0.198	0.001	0.800
0.001	0.001	0.897	0.101
0.001	0.001	0.997	0.001
0.001	0.001	0.997	0.001
>GCGATGGSGG	20-GCGATGGSGG	12.945422	-13.659118	0	T:22.0(0.33%),B:6.8(0.05%),P:1e-5	Tpos:435.7,Tstd:270.9,Bpos:602.7,Bstd:384.1,StrandBias:-0.3,Multiplicity:2.36
0.001	0.036	0.962	0.001
0.001	0.997	0.001	0.001
0.001	0.107	0.891	0.001
0.997	0.001	0.001	0.001
0.001	0.001	0.001	0.997
0.001	0.001	0.997	0.001
0.001	0.001	0.997	0.001
0.001	0.522	0.476	0.001
0.001	0.001	0.997	0.001
0.001	0.001	0.997	0.001
>ACGCTTCCCT	21-ACGCTTCCCT	8.147246	-12.697631	0	T:600.0(9.00%),B:955.6(7.16%),P:1e-5	Tpos:542.2,Tstd:472.7,Bpos:514.5,Bstd:509.8,StrandBias:-0.2,Multiplicity:1.17
0.972	0.001	0.026	0.001
0.001	0.542	0.186	0.271
0.001	0.001	0.997	0.001
0.169	0.811	0.019	0.001
0.111	0.107	0.195	0.587
0.136	0.001	0.283	0.580
0.122	0.830	0.047	0.001
0.001	0.560	0.051	0.388
0.118	0.708	0.173	0.001
0.001	0.001	0.001	0.997
>GGGACCGTGA	22-GGGACCGTGA	11.022491	-10.915149	0	T:15.0(0.22%),B:3.7(0.03%),P:1e-4	Tpos:432.5,Tstd:396.6,Bpos:604.9,Bstd:229.9,StrandBias:-1.4,Multiplicity:1.73
0.001	0.001	0.997	0.001
0.001	0.001	0.997	0.001
0.001	0.001	0.997	0.001
0.997	0.001	0.001	0.001
0.001	0.997	0.001	0.001
0.001	0.997	0.001	0.001
0.001	0.001	0.997	0.001
0.001	0.001	0.001	0.997
0.001	0.001	0.997	0.001
0.938	0.060	0.001	0.001
>GAGGCAYCCG	23-GAGGCAYCCG	10.852188	-8.037824	0	T:32.0(0.48%),B:25.1(0.19%),P:1e-3	Tpos:505.5,Tstd:462.9,Bpos:784.4,Bstd:816.8,StrandBias:0.0,Multiplicity:1.00
0.001	0.095	0.903	0.001
0.976	0.001	0.001	0.022
0.162	0.007	0.776	0.055
0.001	0.001	0.997	0.001
0.001	0.945	0.053	0.001
0.997	0.001	0.001	0.001
0.105	0.375	0.001	0.519
0.001	0.829	0.169	0.001
0.001	0.681	0.317	0.001
0.001	0.220	0.778	0.001
>GGTGCCTCCC	24-GGTGCCTCCC	11.393509	-5.004142	0	T:74.0(1.11%),B:100.5(0.75%),P:1e-2	Tpos:473.7,Tstd:336.5,Bpos:683.9,Bstd:998.8,StrandBias:-0.7,Multiplicity:1.69
0.001	0.001	0.997	0.001
0.314	0.001	0.684	0.001
0.001	0.001	0.001	0.997
0.055	0.001	0.943	0.001
0.001	0.997	0.001	0.001
0.001	0.997	0.001	0.001
0.001	0.001	0.001	0.997
0.001	0.997	0.001	0.001
0.134	0.864	0.001	0.001
0.001	0.997	0.001	0.001
>TGGCAAGGCG	25-TGGCAAGGCG	7.876612	-4.836559	0	T:11.0(0.16%),B:6.8(0.05%),P:1e-2	Tpos:515.7,Tstd:489.5,Bpos:528.6,Bstd:406.1,StrandBias:1.7,Multiplicity:2.36
0.001	0.001	0.001	0.997
0.001	0.001	0.920	0.078
0.001	0.001	0.997	0.001
0.001	0.997	0.001	0.001
0.997	0.001	0.001	0.001
0.965	0.033	0.001	0.001
0.001	0.001	0.997	0.001
0.001	0.001	0.997	0.001
0.001	0.997	0.001	0.001
0.001	0.001	0.997	0.001
