>CACGTGAY	1-CACGTGAY	7.687482	-252.835477	0	T:1556.0(23.33%),B:1473.2(11.03%),P:1e-109	Tpos:473.0,Tstd:316.5,Bpos:472.6,Bstd:468.3,StrandBias:0.1,Multiplicity:1.17
0.006	0.981	0.004	0.009
0.838	0.039	0.032	0.091
0.001	0.590	0.077	0.332
0.299	0.073	0.622	0.006
0.128	0.016	0.029	0.827
0.012	0.004	0.960	0.024
0.743	0.035	0.136	0.086
0.062	0.439	0.110	0.389
>CACGTGAC	2-CACGTGAC	5.794417	-150.825401	0	T:3868.0(58.00%),B:6029.1(45.15%),P:1e-65	Tpos:487.0,Tstd:417.4,Bpos:533.6,Bstd:577.3,StrandBias:0.0,Multiplicity:1.55
0.001	0.997	0.001	0.001
0.462	0.079	0.278	0.182
0.001	0.594	0.001	0.404
0.258	0.001	0.740	0.001
0.290	0.001	0.217	0.491
0.001	0.001	0.997	0.001
0.611	0.001	0.387	0.001
0.104	0.484	0.239	0.173
>GCCTTTGT	3-GCCTTTGT	6.511784	-92.117182	0	T:3189.0(47.82%),B:5068.8(37.96%),P:1e-40	Tpos:470.9,Tstd:343.7,Bpos:499.8,Bstd:502.1,StrandBias:0.1,Multiplicity:1.46
0.022	0.267	0.629	0.082
0.001	0.809	0.101	0.089
0.001	0.931	0.008	0.060
0.047	0.066	0.024	0.863
0.001	0.001	0.001	0.997
0.001	0.010	0.001	0.988
0.025	0.001	0.973	0.001
0.040	0.001	0.001	0.958
>SCYATTGT	4-SCYATTGT	6.409514	-60.156889	0	T:2838.0(42.56%),B:4644.7(34.78%),P:1e-26	Tpos:475.1,Tstd:355.2,Bpos:468.1,Bstd:457.0,StrandBias:-0.0,Multiplicity:1.28
0.139	0.439	0.420	0.001
0.001	0.624	0.374	0.001
0.057	0.526	0.002	0.415
0.689	0.196	0.112	0.003
0.001	0.058	0.046	0.895
0.001	0.044	0.001	0.954
0.064	0.153	0.782	0.001
0.261	0.001	0.001	0.737
>TGACCTTT	5-TGACCTTT	8.011715	-45.678346	0	T:447.0(6.70%),B:493.6(3.70%),P:1e-19	Tpos:465.4,Tstd:325.4,Bpos:493.3,Bstd:406.1,StrandBias:0.0,Multiplicity:1.04
0.001	0.047	0.001	0.951
0.001	0.001	0.997	0.001
0.997	0.001	0.001	0.001
0.001	0.997	0.001	0.001
0.001	0.997	0.001	0.001
0.001	0.001	0.001	0.997
0.001	0.001	0.001	0.997
0.001	0.001	0.001	0.997
>GCTTTGTT	6-GCTTTGTT	8.371251	-44.822769	0	T:1712.0(25.67%),B:2664.4(19.95%),P:1e-19	Tpos:475.0,Tstd:372.2,Bpos:464.9,Bstd:425.7,StrandBias:-0.1,Multiplicity:1.15
0.001	0.001	0.777	0.221
0.001	0.997	0.001	0.001
0.001	0.116	0.001	0.882
0.001	0.001	0.001	0.997
0.001	0.001	0.001	0.997
0.001	0.147	0.851	0.001
0.128	0.001	0.001	0.870
0.001	0.001	0.001	0.997
>WAAAAGCC	7-WAAAAGCC	6.673546	-36.647929	0	T:3495.0(52.41%),B:6176.7(46.25%),P:1e-15	Tpos:495.7,Tstd:427.4,Bpos:494.8,Bstd:478.1,StrandBias:0.0,Multiplicity:1.47
0.387	0.001	0.197	0.415
0.845	0.001	0.001	0.153
0.931	0.028	0.001	0.040
0.700	0.071	0.228	0.001
0.710	0.001	0.219	0.070
0.001	0.001	0.997	0.001
0.001	0.891	0.107	0.001
0.001	0.911	0.001	0.087
>CCTTGTGT	8-CCTTGTGT	6.743244	-35.518201	0	T:2113.0(31.68%),B:3500.6(26.21%),P:1e-15	Tpos:481.0,Tstd:401.9,Bpos:491.7,Bstd:480.7,StrandBias:0.2,Multiplicity:1.18
0.001	0.920	0.042	0.037
0.031	0.890	0.050	0.029
0.001	0.001	0.001	0.997
0.049	0.001	0.035	0.915
0.157	0.126	0.716	0.001
0.001	0.001	0.001	0.997
0.108	0.063	0.828	0.001
0.112	0.029	0.130	0.729
>GAACACAA	9-GAACACAA	7.309881	-34.532661	0	T:2702.0(40.52%),B:4640.3(34.75%),P:1e-14	Tpos:466.5,Tstd:360.7,Bpos:471.3,Bstd:431.1,StrandBias:-0.1,Multiplicity:1.32
0.078	0.001	0.887	0.034
0.898	0.001	0.033	0.068
0.838	0.036	0.057	0.069
0.078	0.793	0.128	0.001
0.930	0.041	0.001	0.028
0.086	0.830	0.042	0.042
0.997	0.001	0.001	0.001
0.886	0.056	0.057	0.001
>DTCMGCTG	10-DTCMGCTG	5.020499	-33.532564	0	T:651.0(9.76%),B:879.5(6.59%),P:1e-14	Tpos:491.2,Tstd:438.7,Bpos:517.7,Bstd:569.2,StrandBias:-0.2,Multiplicity:1.08
0.305	0.147	0.326	0.222
0.144	0.200	0.094	0.562
0.134	0.587	0.184	0.095
0.415	0.293	0.181	0.110
0.156	0.120	0.604	0.120
0.168	0.614	0.117	0.101
0.099	0.150	0.265	0.486
0.200	0.216	0.407	0.178
>CTTTCATA	11-CTTTCATA	7.768273	-32.961970	0	T:1799.0(26.98%),B:2937.1(21.99%),P:1e-14	Tpos:475.4,Tstd:367.8,Bpos:477.3,Bstd:439.3,StrandBias:0.0,Multiplicity:1.20
0.001	0.915	0.029	0.055
0.099	0.032	0.022	0.847
0.016	0.001	0.001	0.982
0.026	0.028	0.022	0.924
0.001	0.971	0.001	0.027
0.977	0.001	0.021	0.001
0.113	0.049	0.080	0.758
0.676	0.181	0.093	0.050
>GTACTGTT	12-GTACTGTT	6.810461	-32.734835	0	T:1856.0(27.83%),B:3047.0(22.82%),P:1e-14	Tpos:476.5,Tstd:364.9,Bpos:481.5,Bstd:439.1,StrandBias:0.1,Multiplicity:1.23
0.029	0.035	0.798	0.138
0.001	0.153	0.001	0.845
0.816	0.046	0.071	0.067
0.001	0.910	0.055	0.034
0.092	0.001	0.001	0.906
0.001	0.062	0.936	0.001
0.001	0.001	0.038	0.960
0.045	0.074	0.023	0.858
>GGCTTTCA	13-GGCTTTCA	3.980649	-25.750140	0	T:1293.0(19.39%),B:2076.8(15.55%),P:1e-11	Tpos:483.4,Tstd:417.9,Bpos:508.1,Bstd:505.8,StrandBias:0.0,Multiplicity:1.17
0.001	0.001	0.997	0.001
0.001	0.001	0.997	0.001
0.001	0.997	0.001	0.001
0.031	0.001	0.383	0.585
0.001	0.166	0.001	0.832
0.001	0.001	0.001	0.997
0.001	0.997	0.001	0.001
0.997	0.001	0.001	0.001
>TCTGCCGA	14-TCTGCCGA	7.048137	-25.237800	0	T:783.0(11.74%),B:1164.1(8.72%),P:1e-10	Tpos:499.1,Tstd:411.4,Bpos:541.7,Bstd:556.1,StrandBias:0.1,Multiplicity:1.06
0.001	0.001	0.001	0.997
0.001	0.706	0.001	0.292
0.001	0.001	0.056	0.942
0.001	0.001	0.915	0.083
0.178	0.604	0.064	0.154
0.001	0.944	0.001	0.054
0.001	0.001	0.997	0.001
0.890	0.001	0.001	0.108
>TTCAGTCG	15-TTCAGTCG	5.498688	-21.165106	0	T:2386.0(35.78%),B:4203.2(31.48%),P:1e-9	Tpos:481.6,Tstd:398.2,Bpos:495.1,Bstd:491.7,StrandBias:0.0,Multiplicity:1.27
0.070	0.028	0.182	0.720
0.065	0.032	0.071	0.832
0.085	0.756	0.074	0.085
0.615	0.125	0.113	0.147
0.058	0.106	0.741	0.095
0.097	0.048	0.081	0.774
0.148	0.794	0.040	0.018
0.082	0.018	0.776	0.124
>GGACCGTG	16-GGACCGTG	7.070944	-16.041595	0	T:1255.0(18.82%),B:2120.5(15.88%),P:1e-6	Tpos:533.1,Tstd:505.4,Bpos:561.2,Bstd:617.3,StrandBias:0.1,Multiplicity:1.23
0.050	0.001	0.948	0.001
0.049	0.065	0.847	0.039
0.896	0.001	0.102	0.001
0.001	0.997	0.001	0.001
0.166	0.715	0.001	0.118
0.001	0.044	0.954	0.001
0.040	0.046	0.072	0.842
0.001	0.001	0.947	0.051
>TATAAAAC	17-TATAAAAC	8.430930	-16.008631	0	T:804.0(12.06%),B:1288.3(9.65%),P:1e-6	Tpos:452.0,Tstd:329.2,Bpos:460.5,Bstd:396.2,StrandBias:-0.1,Multiplicity:1.09
0.001	0.001	0.020	0.978
0.755	0.243	0.001	0.001
0.086	0.001	0.366	0.547
0.863	0.001	0.051	0.085
0.741	0.032	0.226	0.001
0.567	0.001	0.069	0.363
0.868	0.001	0.130	0.001
0.015	0.860	0.124	0.001
>GCACCTGC	18-GCACCTGC	8.835127	-12.534751	0	T:554.0(8.31%),B:874.4(6.55%),P:1e-5	Tpos:487.9,Tstd:435.7,Bpos:516.7,Bstd:620.1,StrandBias:-0.1,Multiplicity:1.12
0.291	0.001	0.707	0.001
0.001	0.847	0.001	0.151
0.997	0.001	0.001	0.001
0.001	0.997	0.001	0.001
0.001	0.997	0.001	0.001
0.001	0.001	0.001	0.997
0.001	0.001	0.997	0.001
0.001	0.997	0.001	0.001
>AGCCCCTC	19-AGCCCCTC	8.464710	-10.818851	0	T:747.0(11.20%),B:1246.4(9.33%),P:1e-4	Tpos:531.8,Tstd:518.8,Bpos:632.0,Bstd:753.1,StrandBias:0.1,Multiplicity:1.21
0.997	0.001	0.001	0.001
0.001	0.179	0.819	0.001
0.001	0.997	0.001	0.001
0.001	0.908	0.090	0.001
0.001	0.997	0.001	0.001
0.001	0.997	0.001	0.001
0.001	0.001	0.001	0.997
0.001	0.997	0.001	0.001
>GACGGTCA	20-GACGGTCA	8.236954	-8.963067	0	T:46.0(0.69%),B:41.7(0.31%),P:1e-3	Tpos:427.5,Tstd:295.4,Bpos:513.0,Bstd:540.4,StrandBias:-0.6,Multiplicity:1.00
0.100	0.100	0.700	0.100
0.700	0.100	0.100	0.100
0.100	0.700	0.100	0.100
0.100	0.100	0.700	0.100
0.100	0.100	0.700	0.100
0.100	0.100	0.100	0.700
0.100	0.700	0.100	0.100
0.700	0.100	0.100	0.100
>CCATCGCA	21-CCATCGCA	9.059407	-2.963653	0	T:65.0(0.97%),B:99.9(0.75%),P:1e-1	Tpos:468.4,Tstd:464.3,Bpos:577.1,Bstd:604.3,StrandBias:0.2,Multiplicity:1.72
0.001	0.997	0.001	0.001
0.001	0.997	0.001	0.001
0.997	0.001	0.001	0.001
0.001	0.001	0.001	0.997
0.001	0.997	0.001	0.001
0.001	0.001	0.997	0.001
0.001	0.997	0.001	0.001
0.864	0.001	0.134	0.001
