>GTCACATGAC	1-GTCACATGAC	7.736043	-289.632919	0	T:1432.0(21.47%),B:1202.9(9.01%),P:1e-125	Tpos:469.5,Tstd:325.8,Bpos:482.5,Bstd:493.2,StrandBias:-0.1,Multiplicity:1.15
0.272	0.063	0.603	0.062
0.048	0.073	0.099	0.780
0.030	0.942	0.019	0.009
0.838	0.079	0.020	0.063
0.043	0.889	0.049	0.019
0.866	0.069	0.050	0.015
0.090	0.035	0.008	0.867
0.013	0.001	0.977	0.009
0.712	0.128	0.070	0.090
0.112	0.529	0.059	0.300
>VBCCTTTGTT	2-VBCCTTTGTT	7.571558	-111.779853	0	T:2680.0(40.19%),B:3968.8(29.72%),P:1e-48	Tpos:475.1,Tstd:340.5,Bpos:495.4,Bstd:495.3,StrandBias:-0.0,Multiplicity:1.38
0.237	0.339	0.319	0.104
0.141	0.315	0.342	0.201
0.001	0.502	0.238	0.259
0.001	0.997	0.001	0.001
0.321	0.091	0.001	0.587
0.001	0.008	0.001	0.990
0.001	0.001	0.001	0.997
0.001	0.009	0.989	0.001
0.007	0.001	0.001	0.991
0.092	0.197	0.258	0.453
>CACGTGCTNK	3-CACGTGCTNK	7.152841	-94.958167	0	T:1586.0(23.78%),B:2108.6(15.79%),P:1e-41	Tpos:468.1,Tstd:392.8,Bpos:525.6,Bstd:587.3,StrandBias:-0.0,Multiplicity:1.27
0.001	0.997	0.001	0.001
0.761	0.061	0.001	0.177
0.001	0.677	0.065	0.257
0.001	0.077	0.921	0.001
0.001	0.001	0.154	0.844
0.001	0.001	0.997	0.001
0.270	0.439	0.180	0.110
0.001	0.223	0.001	0.775
0.199	0.312	0.303	0.186
0.099	0.181	0.310	0.410
>NKTGACCTTT	4-NKTGACCTTT	8.845034	-63.697449	0	T:1083.0(16.24%),B:1426.9(10.69%),P:1e-27	Tpos:493.3,Tstd:374.1,Bpos:495.1,Bstd:473.2,StrandBias:-0.0,Multiplicity:1.06
0.193	0.236	0.293	0.278
0.047	0.170	0.410	0.372
0.001	0.001	0.001	0.997
0.001	0.001	0.997	0.001
0.703	0.174	0.122	0.001
0.001	0.997	0.001	0.001
0.297	0.701	0.001	0.001
0.001	0.001	0.001	0.997
0.001	0.001	0.001	0.997
0.008	0.001	0.001	0.990
>GRYCTTTTAT	5-GRYCTTTTAT	5.596392	-62.166481	0	T:3894.0(58.39%),B:6713.5(50.27%),P:1e-26	Tpos:467.4,Tstd:368.2,Bpos:478.4,Bstd:459.6,StrandBias:0.0,Multiplicity:1.61
0.101	0.072	0.758	0.069
0.421	0.191	0.307	0.081
0.056	0.395	0.085	0.464
0.063	0.782	0.065	0.090
0.115	0.128	0.042	0.715
0.050	0.058	0.082	0.810
0.067	0.098	0.107	0.728
0.074	0.082	0.093	0.751
0.573	0.029	0.374	0.024
0.072	0.115	0.082	0.731
>ATCAGCTGAC	6-ATCAGCTGAC	8.076900	-61.335550	0	T:520.0(7.80%),B:543.4(4.07%),P:1e-26	Tpos:481.0,Tstd:388.1,Bpos:496.9,Bstd:524.5,StrandBias:0.0,Multiplicity:1.06
0.819	0.048	0.132	0.001
0.013	0.046	0.044	0.897
0.072	0.919	0.001	0.008
0.913	0.001	0.011	0.075
0.013	0.001	0.985	0.001
0.001	0.997	0.001	0.001
0.014	0.008	0.029	0.949
0.010	0.001	0.974	0.015
0.915	0.068	0.001	0.016
0.001	0.804	0.073	0.122
>AGATACAAGA	7-AGATACAAGA	7.269501	-33.928089	0	T:1437.0(21.55%),B:2259.7(16.92%),P:1e-14	Tpos:474.4,Tstd:387.3,Bpos:458.7,Bstd:426.9,StrandBias:-0.0,Multiplicity:1.14
0.714	0.097	0.113	0.076
0.068	0.091	0.754	0.087
0.895	0.031	0.049	0.025
0.111	0.063	0.060	0.766
0.806	0.077	0.054	0.063
0.080	0.801	0.086	0.033
0.887	0.055	0.013	0.045
0.850	0.036	0.054	0.060
0.057	0.057	0.832	0.054
0.701	0.122	0.120	0.057
>TGTTCTGTTC	8-TGTTCTGTTC	7.654587	-30.370932	0	T:992.0(14.87%),B:1490.6(11.16%),P:1e-13	Tpos:467.4,Tstd:359.4,Bpos:477.1,Bstd:443.6,StrandBias:0.2,Multiplicity:1.13
0.049	0.061	0.079	0.811
0.060	0.109	0.799	0.032
0.060	0.147	0.041	0.752
0.080	0.067	0.051	0.802
0.093	0.780	0.084	0.043
0.070	0.022	0.023	0.885
0.040	0.041	0.820	0.099
0.061	0.059	0.089	0.791
0.073	0.087	0.082	0.758
0.086	0.806	0.060	0.048
>AGCCCCTCTT	9-AGCCCCTCTT	9.555118	-25.684181	0	T:283.0(4.24%),B:327.6(2.45%),P:1e-11	Tpos:476.0,Tstd:445.6,Bpos:569.8,Bstd:651.9,StrandBias:-0.1,Multiplicity:1.19
0.989	0.009	0.001	0.001
0.014	0.034	0.934	0.018
0.020	0.935	0.026	0.019
0.001	0.969	0.009	0.021
0.001	0.970	0.003	0.026
0.001	0.955	0.009	0.035
0.095	0.010	0.001	0.894
0.001	0.939	0.001	0.059
0.001	0.073	0.062	0.864
0.020	0.001	0.118	0.861
>TTGTGTCTGC	10-TTGTGTCTGC	8.982027	-23.887003	0	T:495.0(7.42%),B:679.4(5.09%),P:1e-10	Tpos:478.2,Tstd:392.6,Bpos:511.1,Bstd:450.0,StrandBias:0.1,Multiplicity:1.03
0.001	0.036	0.024	0.939
0.088	0.001	0.073	0.838
0.001	0.001	0.997	0.001
0.034	0.001	0.028	0.937
0.041	0.160	0.765	0.034
0.049	0.001	0.062	0.888
0.070	0.822	0.049	0.059
0.001	0.001	0.022	0.976
0.001	0.036	0.937	0.026
0.016	0.897	0.025	0.062
>TGCGGAAGGC	11-TGCGGAAGGC	10.915793	-22.850215	0	T:29.0(0.43%),B:4.4(0.03%),P:1e-9	Tpos:458.4,Tstd:263.2,Bpos:721.4,Bstd:169.9,StrandBias:0.2,Multiplicity:1.00
0.001	0.001	0.001	0.997
0.071	0.001	0.927	0.001
0.001	0.997	0.001	0.001
0.001	0.001	0.997	0.001
0.001	0.058	0.824	0.117
0.997	0.001	0.001	0.001
0.997	0.001	0.001	0.001
0.001	0.001	0.997	0.001
0.001	0.001	0.997	0.001
0.001	0.997	0.001	0.001
>TGCACCTGCT	12-TGCACCTGCT	7.660229	-21.130551	0	T:316.0(4.74%),B:401.2(3.00%),P:1e-9	Tpos:473.5,Tstd:482.1,Bpos:560.3,Bstd:701.0,StrandBias:-0.1,Multiplicity:1.07
0.278	0.147	0.010	0.565
0.207	0.117	0.639	0.037
0.202	0.651	0.115	0.032
0.763	0.036	0.025	0.176
0.020	0.580	0.195	0.205
0.243	0.542	0.015	0.200
0.146	0.179	0.032	0.643
0.045	0.188	0.747	0.020
0.098	0.495	0.158	0.250
0.151	0.194	0.026	0.629
>ACACGAAGCA	13-ACACGAAGCA	10.662411	-21.021933	0	T:76.0(1.14%),B:51.9(0.39%),P:1e-9	Tpos:533.8,Tstd:321.3,Bpos:506.6,Bstd:300.5,StrandBias:-0.4,Multiplicity:1.01
0.997	0.001	0.001	0.001
0.001	0.725	0.273	0.001
0.997	0.001	0.001	0.001
0.164	0.834	0.001	0.001
0.001	0.001	0.997	0.001
0.997	0.001	0.001	0.001
0.657	0.119	0.001	0.223
0.001	0.001	0.997	0.001
0.001	0.997	0.001	0.001
0.817	0.001	0.001	0.181
>GTCAGTCGAC	14-GTCAGTCGAC	7.860339	-20.989821	0	T:196.0(2.94%),B:215.8(1.62%),P:1e-9	Tpos:464.8,Tstd:308.0,Bpos:538.3,Bstd:539.4,StrandBias:-0.1,Multiplicity:1.02
0.042	0.051	0.851	0.056
0.076	0.082	0.042	0.800
0.080	0.860	0.026	0.034
0.901	0.034	0.032	0.033
0.035	0.038	0.843	0.084
0.035	0.057	0.080	0.828
0.095	0.754	0.053	0.098
0.081	0.061	0.696	0.162
0.654	0.093	0.101	0.152
0.057	0.820	0.050	0.073
>KAKACKTTTC	15-KAKACKTTTC	8.549048	-20.004428	0	T:137.0(2.05%),B:133.3(1.00%),P:1e-8	Tpos:404.3,Tstd:269.3,Bpos:521.9,Bstd:477.9,StrandBias:-0.2,Multiplicity:1.01
0.228	0.001	0.447	0.323
0.753	0.136	0.011	0.100
0.103	0.160	0.295	0.441
0.592	0.194	0.061	0.153
0.001	0.946	0.040	0.013
0.001	0.001	0.496	0.502
0.234	0.005	0.114	0.647
0.019	0.238	0.020	0.723
0.001	0.291	0.001	0.707
0.001	0.631	0.007	0.361
>GCCGCCCCGT	16-GCCGCCCCGT	10.381677	-15.250427	0	T:32.0(0.48%),B:13.9(0.10%),P:1e-6	Tpos:477.4,Tstd:374.1,Bpos:547.3,Bstd:578.6,StrandBias:1.4,Multiplicity:1.47
0.001	0.001	0.997	0.001
0.001	0.997	0.001	0.001
0.001	0.997	0.001	0.001
0.001	0.040	0.958	0.001
0.001	0.997	0.001	0.001
0.001	0.997	0.001	0.001
0.001	0.958	0.001	0.040
0.001	0.820	0.001	0.178
0.001	0.001	0.997	0.001
0.001	0.001	0.001	0.997
>GGCTMATAGG	17-GGCTMATAGG	9.576971	-14.510100	0	T:125.0(1.87%),B:135.2(1.01%),P:1e-6	Tpos:444.0,Tstd:316.5,Bpos:510.7,Bstd:587.1,StrandBias:-0.3,Multiplicity:1.26
0.001	0.050	0.948	0.001
0.001	0.126	0.832	0.041
0.105	0.529	0.365	0.001
0.001	0.001	0.057	0.941
0.543	0.455	0.001	0.001
0.660	0.001	0.003	0.336
0.001	0.033	0.001	0.965
0.972	0.026	0.001	0.001
0.001	0.001	0.894	0.104
0.079	0.001	0.919	0.001
>ACTGAGAGCC	18-ACTGAGAGCC	11.599446	-14.354811	0	T:81.0(1.21%),B:73.5(0.55%),P:1e-6	Tpos:422.3,Tstd:297.9,Bpos:596.6,Bstd:713.1,StrandBias:0.4,Multiplicity:1.52
0.997	0.001	0.001	0.001
0.001	0.997	0.001	0.001
0.001	0.001	0.001	0.997
0.001	0.001	0.997	0.001
0.997	0.001	0.001	0.001
0.001	0.001	0.997	0.001
0.874	0.001	0.001	0.124
0.001	0.001	0.997	0.001
0.139	0.859	0.001	0.001
0.001	0.997	0.001	0.001
>GCCTCGTGGG	19-GCCTCGTGGG	10.802271	-13.886872	0	T:68.0(1.02%),B:57.8(0.43%),P:1e-6	Tpos:454.3,Tstd:363.0,Bpos:917.9,Bstd:1147.8,StrandBias:0.1,Multiplicity:1.36
0.001	0.001	0.997	0.001
0.001	0.976	0.001	0.022
0.077	0.921	0.001	0.001
0.001	0.116	0.001	0.882
0.001	0.997	0.001	0.001
0.001	0.001	0.997	0.001
0.001	0.198	0.001	0.800
0.001	0.001	0.897	0.101
0.001	0.001	0.997	0.001
0.001	0.001	0.997	0.001
>GCGATGGSGG	20-GCGATGGSGG	12.945422	-13.659118	0	T:22.0(0.33%),B:6.8(0.05%),P:1e-5	Tpos:435.7,Tstd:270.9,Bpos:602.7,Bstd:384.1,StrandBias:-0.3,Multiplicity:2.36
0.001	0.036	0.962	0.001
0.001	0.997	0.001	0.001
0.001	0.107	0.891	0.001
0.997	0.001	0.001	0.001
0.001	0.001	0.001	0.997
0.001	0.001	0.997	0.001
0.001	0.001	0.997	0.001
0.001	0.522	0.476	0.001
0.001	0.001	0.997	0.001
0.001	0.001	0.997	0.001
>ACGCTTCCCT	21-ACGCTTCCCT	8.147246	-12.697631	0	T:600.0(9.00%),B:955.6(7.16%),P:1e-5	Tpos:542.2,Tstd:472.7,Bpos:514.5,Bstd:509.8,StrandBias:-0.2,Multiplicity:1.17
0.972	0.001	0.026	0.001
0.001	0.542	0.186	0.271
0.001	0.001	0.997	0.001
0.169	0.811	0.019	0.001
0.111	0.107	0.195	0.587
0.136	0.001	0.283	0.580
0.122	0.830	0.047	0.001
0.001	0.560	0.051	0.388
0.118	0.708	0.173	0.001
0.001	0.001	0.001	0.997
>GGGACCGTGA	22-GGGACCGTGA	11.022491	-10.915149	0	T:15.0(0.22%),B:3.7(0.03%),P:1e-4	Tpos:432.5,Tstd:396.6,Bpos:604.9,Bstd:229.9,StrandBias:-1.4,Multiplicity:1.73
0.001	0.001	0.997	0.001
0.001	0.001	0.997	0.001
0.001	0.001	0.997	0.001
0.997	0.001	0.001	0.001
0.001	0.997	0.001	0.001
0.001	0.997	0.001	0.001
0.001	0.001	0.997	0.001
0.001	0.001	0.001	0.997
0.001	0.001	0.997	0.001
0.938	0.060	0.001	0.001
>GAGGCAYCCG	23-GAGGCAYCCG	10.852188	-8.037824	0	T:32.0(0.48%),B:25.1(0.19%),P:1e-3	Tpos:505.5,Tstd:462.9,Bpos:784.4,Bstd:816.8,StrandBias:0.0,Multiplicity:1.00
0.001	0.095	0.903	0.001
0.976	0.001	0.001	0.022
0.162	0.007	0.776	0.055
0.001	0.001	0.997	0.001
0.001	0.945	0.053	0.001
0.997	0.001	0.001	0.001
0.105	0.375	0.001	0.519
0.001	0.829	0.169	0.001
0.001	0.681	0.317	0.001
0.001	0.220	0.778	0.001
>GGTGCCTCCC	24-GGTGCCTCCC	11.393509	-5.004142	0	T:74.0(1.11%),B:100.5(0.75%),P:1e-2	Tpos:473.7,Tstd:336.5,Bpos:683.9,Bstd:998.8,StrandBias:-0.7,Multiplicity:1.69
0.001	0.001	0.997	0.001
0.314	0.001	0.684	0.001
0.001	0.001	0.001	0.997
0.055	0.001	0.943	0.001
0.001	0.997	0.001	0.001
0.001	0.997	0.001	0.001
0.001	0.001	0.001	0.997
0.001	0.997	0.001	0.001
0.134	0.864	0.001	0.001
0.001	0.997	0.001	0.001
>TGGCAAGGCG	25-TGGCAAGGCG	7.876612	-4.836559	0	T:11.0(0.16%),B:6.8(0.05%),P:1e-2	Tpos:515.7,Tstd:489.5,Bpos:528.6,Bstd:406.1,StrandBias:1.7,Multiplicity:2.36
0.001	0.001	0.001	0.997
0.001	0.001	0.920	0.078
0.001	0.001	0.997	0.001
0.001	0.997	0.001	0.001
0.997	0.001	0.001	0.001
0.965	0.033	0.001	0.001
0.001	0.001	0.997	0.001
0.001	0.001	0.997	0.001
0.001	0.997	0.001	0.001
0.001	0.001	0.997	0.001
>RNCATGTGACHN	1-RNCATGTGACHN	7.197163	-150.787680	0	T:1565.0(23.47%),B:1820.4(13.63%),P:1e-65	Tpos:450.5,Tstd:313.2,Bpos:464.5,Bstd:402.4,StrandBias:0.0,Multiplicity:1.11
0.377	0.222	0.255	0.146
0.188	0.265	0.255	0.291
0.089	0.783	0.061	0.067
0.730	0.192	0.033	0.045
0.076	0.116	0.112	0.696
0.100	0.186	0.708	0.006
0.114	0.001	0.090	0.795
0.032	0.046	0.921	0.001
0.599	0.115	0.136	0.150
0.103	0.608	0.112	0.177
0.333	0.309	0.078	0.280
0.280	0.190	0.234	0.296
>NMAGTCACATGA	2-NMAGTCACATGA	8.934805	-144.345943	0	T:850.0(12.75%),B:760.7(5.70%),P:1e-62	Tpos:469.4,Tstd:343.7,Bpos:463.5,Bstd:378.3,StrandBias:0.0,Multiplicity:1.09
0.283	0.303	0.205	0.210
0.482	0.421	0.001	0.095
0.683	0.001	0.001	0.315
0.310	0.066	0.501	0.123
0.026	0.002	0.147	0.825
0.001	0.934	0.064	0.001
0.833	0.077	0.001	0.089
0.001	0.914	0.016	0.069
0.997	0.001	0.001	0.001
0.227	0.001	0.023	0.749
0.001	0.001	0.997	0.001
0.544	0.124	0.183	0.149
>AAAGARGCCTTT	3-AAAGARGCCTTT	7.914411	-112.905928	0	T:1971.0(29.55%),B:2679.4(20.06%),P:1e-49	Tpos:456.1,Tstd:317.2,Bpos:473.0,Bstd:434.8,StrandBias:-0.0,Multiplicity:1.22
0.888	0.025	0.065	0.022
0.935	0.023	0.034	0.008
0.854	0.006	0.065	0.075
0.304	0.055	0.621	0.020
0.792	0.044	0.132	0.032
0.428	0.021	0.506	0.045
0.116	0.156	0.624	0.104
0.130	0.647	0.121	0.102
0.068	0.785	0.019	0.128
0.370	0.049	0.004	0.577
0.010	0.071	0.073	0.846
0.021	0.029	0.052	0.898
>NRAACAAAGGNM	4-NRAACAAAGGNM	7.673339	-72.049708	0	T:1525.0(22.87%),B:2133.8(15.98%),P:1e-31	Tpos:473.5,Tstd:344.3,Bpos:488.5,Bstd:448.3,StrandBias:0.1,Multiplicity:1.16
0.240	0.275	0.218	0.267
0.377	0.191	0.238	0.195
0.769	0.109	0.072	0.050
0.874	0.037	0.059	0.030
0.001	0.903	0.052	0.044
0.893	0.032	0.044	0.031
0.828	0.069	0.073	0.030
0.908	0.013	0.031	0.048
0.077	0.123	0.745	0.055
0.203	0.134	0.602	0.061
0.266	0.242	0.210	0.282
0.275	0.366	0.155	0.204
>CATCACATGATA	5-CATCACATGATA	9.593302	-55.610366	0	T:252.0(3.78%),B:191.9(1.44%),P:1e-24	Tpos:463.9,Tstd:264.8,Bpos:576.5,Bstd:748.7,StrandBias:-0.3,Multiplicity:1.02
0.084	0.831	0.036	0.049
0.869	0.071	0.001	0.059
0.079	0.185	0.195	0.541
0.106	0.781	0.098	0.015
0.917	0.011	0.001	0.071
0.055	0.768	0.065	0.112
0.888	0.026	0.001	0.085
0.064	0.001	0.025	0.910
0.001	0.073	0.925	0.001
0.689	0.050	0.118	0.143
0.051	0.213	0.225	0.511
0.459	0.194	0.106	0.241
>GTCAGCTGAYHW	6-GTCAGCTGAYHW	10.011740	-47.355498	0	T:256.0(3.84%),B:216.3(1.62%),P:1e-20	Tpos:473.5,Tstd:405.9,Bpos:521.6,Bstd:666.4,StrandBias:0.0,Multiplicity:1.06
0.233	0.199	0.567	0.001
0.001	0.001	0.001	0.997
0.001	0.997	0.001	0.001
0.898	0.001	0.001	0.100
0.001	0.001	0.997	0.001
0.001	0.997	0.001	0.001
0.302	0.001	0.001	0.696
0.001	0.001	0.895	0.103
0.997	0.001	0.001	0.001
0.001	0.475	0.079	0.444
0.312	0.227	0.097	0.365
0.277	0.218	0.120	0.385
>ACACAAAGAACA	7-ACACAAAGAACA	10.200032	-37.271770	0	T:222.0(3.33%),B:198.8(1.49%),P:1e-16	Tpos:456.5,Tstd:355.1,Bpos:516.1,Bstd:478.6,StrandBias:-0.1,Multiplicity:1.02
0.963	0.001	0.018	0.018
0.126	0.754	0.077	0.043
0.921	0.043	0.001	0.035
0.001	0.869	0.061	0.069
0.946	0.018	0.035	0.001
0.972	0.001	0.026	0.001
0.980	0.001	0.018	0.001
0.001	0.018	0.980	0.001
0.946	0.018	0.035	0.001
0.963	0.018	0.001	0.018
0.049	0.880	0.028	0.043
0.918	0.070	0.001	0.011
>ATTAGGGATTGG	8-ATTAGGGATTGG	13.401813	-33.864583	0	T:36.0(0.54%),B:2.0(0.02%),P:1e-14	Tpos:480.8,Tstd:255.8,Bpos:429.4,Bstd:19.9,StrandBias:-0.3,Multiplicity:1.00
0.997	0.001	0.001	0.001
0.001	0.001	0.001	0.997
0.001	0.001	0.001	0.997
0.997	0.001	0.001	0.001
0.169	0.001	0.661	0.169
0.001	0.001	0.661	0.337
0.001	0.001	0.997	0.001
0.997	0.001	0.001	0.001
0.001	0.001	0.144	0.854
0.001	0.001	0.001	0.997
0.168	0.001	0.830	0.001
0.001	0.001	0.997	0.001
>GCTGCCTTCAAA	9-GCTGCCTTCAAA	11.551468	-33.131844	0	T:81.0(1.21%),B:37.6(0.28%),P:1e-14	Tpos:428.8,Tstd:264.2,Bpos:565.0,Bstd:393.8,StrandBias:0.3,Multiplicity:1.00
0.001	0.014	0.857	0.128
0.095	0.878	0.001	0.026
0.001	0.001	0.001	0.997
0.001	0.014	0.865	0.120
0.001	0.704	0.001	0.294
0.001	0.985	0.001	0.013
0.026	0.133	0.001	0.840
0.022	0.041	0.228	0.709
0.106	0.604	0.067	0.223
0.754	0.075	0.170	0.001
0.860	0.108	0.014	0.018
0.709	0.001	0.289	0.001
>ACAGAACAAAAT	10-ACAGAACAAAAT	13.217533	-30.013729	0	T:63.0(0.94%),B:25.0(0.19%),P:1e-13	Tpos:503.9,Tstd:301.7,Bpos:503.5,Bstd:338.1,StrandBias:0.1,Multiplicity:1.00
0.997	0.001	0.001	0.001
0.001	0.997	0.001	0.001
0.997	0.001	0.001	0.001
0.001	0.001	0.997	0.001
0.997	0.001	0.001	0.001
0.939	0.001	0.001	0.059
0.001	0.929	0.001	0.069
0.969	0.029	0.001	0.001
0.781	0.001	0.217	0.001
0.997	0.001	0.001	0.001
0.997	0.001	0.001	0.001
0.129	0.063	0.001	0.807
>TTTGCAACAGCA	11-TTTGCAACAGCA	12.048145	-28.734088	0	T:58.0(0.87%),B:21.9(0.16%),P:1e-12	Tpos:499.5,Tstd:365.2,Bpos:415.4,Bstd:228.1,StrandBias:-0.3,Multiplicity:1.07
0.001	0.034	0.001	0.964
0.018	0.104	0.001	0.877
0.001	0.001	0.034	0.964
0.034	0.001	0.964	0.001
0.028	0.929	0.001	0.042
0.929	0.069	0.001	0.001
0.911	0.035	0.019	0.035
0.055	0.875	0.035	0.035
0.964	0.001	0.001	0.034
0.035	0.035	0.860	0.070
0.069	0.756	0.174	0.001
0.997	0.001	0.001	0.001
>GCTTTCTTTCAG	12-GCTTTCTTTCAG	10.136780	-26.862216	0	T:199.0(2.98%),B:198.6(1.49%),P:1e-11	Tpos:478.2,Tstd:468.8,Bpos:538.2,Bstd:547.7,StrandBias:0.2,Multiplicity:1.04
0.087	0.100	0.731	0.082
0.042	0.804	0.022	0.132
0.020	0.039	0.037	0.904
0.043	0.061	0.049	0.847
0.028	0.065	0.044	0.863
0.025	0.823	0.105	0.047
0.072	0.041	0.023	0.864
0.034	0.049	0.059	0.858
0.090	0.057	0.142	0.711
0.050	0.858	0.065	0.027
0.889	0.021	0.012	0.078
0.050	0.037	0.853	0.060
>AACAAAGCACAT	13-AACAAAGCACAT	13.107844	-25.586997	0	T:38.0(0.57%),B:8.0(0.06%),P:1e-11	Tpos:441.2,Tstd:241.9,Bpos:485.6,Bstd:275.1,StrandBias:-0.5,Multiplicity:1.00
0.997	0.001	0.001	0.001
0.997	0.001	0.001	0.001
0.001	0.997	0.001	0.001
0.997	0.001	0.001	0.001
0.997	0.001	0.001	0.001
0.997	0.001	0.001	0.001
0.001	0.050	0.948	0.001
0.001	0.846	0.152	0.001
0.997	0.001	0.001	0.001
0.001	0.915	0.083	0.001
0.957	0.001	0.041	0.001
0.001	0.001	0.001	0.997
>CCTGGGTACTTG	14-CCTGGGTACTTG	13.593462	-24.640882	0	T:25.0(0.37%),B:2.0(0.01%),P:1e-10	Tpos:459.5,Tstd:238.5,Bpos:463.0,Bstd:34.6,StrandBias:-1.0,Multiplicity:1.00
0.052	0.946	0.001	0.001
0.001	0.946	0.001	0.052
0.001	0.001	0.001	0.997
0.001	0.001	0.997	0.001
0.001	0.001	0.997	0.001
0.001	0.001	0.997	0.001
0.001	0.001	0.001	0.997
0.997	0.001	0.001	0.001
0.001	0.997	0.001	0.001
0.001	0.001	0.001	0.997
0.001	0.001	0.001	0.997
0.001	0.001	0.997	0.001
>TAAAACGGTGCT	15-TAAAACGGTGCT	10.409522	-22.726664	0	T:32.0(0.48%),B:6.6(0.05%),P:1e-9	Tpos:445.8,Tstd:285.2,Bpos:391.4,Bstd:187.8,StrandBias:0.2,Multiplicity:1.00
0.100	0.100	0.100	0.700
0.700	0.100	0.100	0.100
0.700	0.100	0.100	0.100
0.700	0.100	0.100	0.100
0.700	0.100	0.100	0.100
0.100	0.700	0.100	0.100
0.100	0.100	0.700	0.100
0.100	0.100	0.700	0.100
0.100	0.100	0.100	0.700
0.100	0.100	0.700	0.100
0.100	0.700	0.100	0.100
0.100	0.100	0.100	0.700
>GGCTGGCTCTCA	16-GGCTGGCTCTCA	13.977823	-19.342394	0	T:20.0(0.30%),B:1.6(0.01%),P:1e-8	Tpos:428.8,Tstd:291.8,Bpos:420.4,Bstd:183.0,StrandBias:0.0,Multiplicity:2.90
0.001	0.254	0.744	0.001
0.001	0.001	0.997	0.001
0.001	0.870	0.128	0.001
0.001	0.126	0.001	0.872
0.001	0.001	0.997	0.001
0.254	0.001	0.619	0.126
0.126	0.872	0.001	0.001
0.001	0.001	0.380	0.618
0.001	0.997	0.001	0.001
0.001	0.001	0.001	0.997
0.001	0.997	0.001	0.001
0.620	0.001	0.378	0.001
>GATGCCATTCAT	17-GATGCCATTCAT	9.679624	-17.993631	0	T:133.0(1.99%),B:134.4(1.01%),P:1e-7	Tpos:400.3,Tstd:285.2,Bpos:411.5,Bstd:256.8,StrandBias:-0.2,Multiplicity:1.00
0.066	0.049	0.830	0.055
0.778	0.073	0.066	0.083
0.036	0.024	0.067	0.873
0.073	0.079	0.772	0.076
0.042	0.829	0.061	0.068
0.082	0.900	0.012	0.006
0.861	0.043	0.039	0.057
0.094	0.079	0.091	0.736
0.060	0.001	0.054	0.885
0.069	0.871	0.024	0.036
0.885	0.072	0.025	0.018
0.043	0.051	0.115	0.791
>GGACCCCCATCG	18-GGACCCCCATCG	12.387937	-17.601801	0	T:16.0(0.24%),B:0.0(0.00%),P:1e-7	Tpos:378.7,Tstd:243.9,Bpos:0.0,Bstd:0.0,StrandBias:0.5,Multiplicity:2.88
0.001	0.001	0.997	0.001
0.022	0.022	0.955	0.001
0.659	0.250	0.068	0.023
0.001	0.997	0.001	0.001
0.001	0.976	0.022	0.001
0.022	0.976	0.001	0.001
0.001	0.997	0.001	0.001
0.001	0.997	0.001	0.001
0.931	0.001	0.067	0.001
0.001	0.001	0.022	0.976
0.001	0.976	0.022	0.001
0.001	0.001	0.997	0.001
>CCTCGYGGGGGG	19-CCTCGYGGGGGG	11.889951	-17.069312	0	T:23.0(0.34%),B:4.6(0.03%),P:1e-7	Tpos:448.0,Tstd:446.1,Bpos:643.0,Bstd:372.1,StrandBias:-0.2,Multiplicity:2.22
0.027	0.892	0.027	0.054
0.027	0.919	0.027	0.027
0.001	0.082	0.001	0.916
0.001	0.997	0.001	0.001
0.126	0.165	0.605	0.104
0.027	0.478	0.082	0.413
0.028	0.137	0.539	0.296
0.001	0.001	0.743	0.255
0.001	0.054	0.944	0.001
0.199	0.001	0.799	0.001
0.083	0.027	0.889	0.001
0.082	0.118	0.627	0.173
>ATCGCAGGGGGG	20-ATCGCAGGGGGG	13.433196	-16.189335	0	T:17.0(0.25%),B:1.3(0.01%),P:1e-7	Tpos:430.7,Tstd:207.6,Bpos:438.0,Bstd:0.0,StrandBias:0.7,Multiplicity:1.85
0.997	0.001	0.001	0.001
0.001	0.001	0.001	0.997
0.001	0.899	0.001	0.099
0.099	0.001	0.899	0.001
0.099	0.899	0.001	0.001
0.997	0.001	0.001	0.001
0.001	0.001	0.997	0.001
0.001	0.100	0.799	0.100
0.199	0.001	0.799	0.001
0.099	0.001	0.899	0.001
0.001	0.001	0.899	0.099
0.001	0.001	0.997	0.001
>TCTCCTGCACTA	21-TCTCCTGCACTA	11.783445	-14.254958	0	T:20.0(0.30%),B:4.1(0.03%),P:1e-6	Tpos:401.0,Tstd:250.1,Bpos:525.4,Bstd:229.2,StrandBias:1.6,Multiplicity:1.47
0.092	0.043	0.081	0.784
0.054	0.795	0.067	0.084
0.040	0.193	0.025	0.742
0.083	0.790	0.054	0.073
0.080	0.817	0.027	0.076
0.254	0.027	0.018	0.701
0.071	0.071	0.779	0.079
0.182	0.690	0.086	0.042
0.864	0.045	0.027	0.064
0.099	0.712	0.091	0.098
0.089	0.060	0.067	0.784
0.546	0.170	0.194	0.090
>CGGCTGGCCGGG	22-CGGCTGGCCGGG	13.637428	-13.063828	0	T:14.0(0.21%),B:1.1(0.01%),P:1e-5	Tpos:420.6,Tstd:298.6,Bpos:842.0,Bstd:0.0,StrandBias:-1.3,Multiplicity:1.71
0.001	0.940	0.001	0.058
0.001	0.001	0.997	0.001
0.058	0.001	0.940	0.001
0.001	0.997	0.001	0.001
0.001	0.001	0.001	0.997
0.001	0.001	0.997	0.001
0.001	0.001	0.997	0.001
0.001	0.997	0.001	0.001
0.001	0.997	0.001	0.001
0.001	0.001	0.940	0.058
0.001	0.001	0.997	0.001
0.001	0.001	0.997	0.001
>ATTACACGTGAT	23-ATTACACGTGAT	12.606082	-11.265760	0	T:18.0(0.27%),B:5.7(0.04%),P:1e-4	Tpos:557.4,Tstd:294.4,Bpos:440.4,Bstd:318.7,StrandBias:1.5,Multiplicity:1.89
0.997	0.001	0.001	0.001
0.122	0.001	0.001	0.876
0.001	0.001	0.001	0.997
0.876	0.001	0.001	0.122
0.122	0.876	0.001	0.001
0.997	0.001	0.001	0.001
0.150	0.726	0.123	0.001
0.250	0.001	0.626	0.123
0.001	0.001	0.001	0.997
0.001	0.001	0.997	0.001
0.997	0.001	0.001	0.001
0.122	0.001	0.001	0.876
>CCCCGTCCGGGA	24-CCCCGTCCGGGA	13.156892	-8.468108	0	T:11.0(0.16%),B:2.4(0.02%),P:1e-3	Tpos:502.8,Tstd:316.7,Bpos:835.1,Bstd:125.8,StrandBias:2.0,Multiplicity:2.73
0.001	0.997	0.001	0.001
0.001	0.997	0.001	0.001
0.001	0.997	0.001	0.001
0.001	0.959	0.001	0.039
0.048	0.001	0.950	0.001
0.001	0.020	0.001	0.978
0.001	0.997	0.001	0.001
0.001	0.708	0.040	0.251
0.079	0.001	0.919	0.001
0.001	0.001	0.997	0.001
0.001	0.001	0.997	0.001
0.959	0.001	0.001	0.039
>GCCAGGGGGGGA	25-GCCAGGGGGGGA	11.140477	-7.491682	0	T:45.0(0.67%),B:44.1(0.33%),P:1e-3	Tpos:475.9,Tstd:317.5,Bpos:620.6,Bstd:770.6,StrandBias:-0.1,Multiplicity:2.49
0.047	0.067	0.826	0.060
0.043	0.917	0.031	0.009
0.197	0.740	0.045	0.018
0.878	0.021	0.059	0.042
0.045	0.074	0.807	0.074
0.040	0.044	0.834	0.082
0.015	0.224	0.682	0.079
0.033	0.030	0.898	0.039
0.048	0.023	0.849	0.080
0.064	0.051	0.835	0.050
0.100	0.047	0.840	0.013
0.902	0.034	0.036	0.028
>CACGTGAY	1-CACGTGAY	7.687482	-252.835477	0	T:1556.0(23.33%),B:1473.2(11.03%),P:1e-109	Tpos:473.0,Tstd:316.5,Bpos:472.6,Bstd:468.3,StrandBias:0.1,Multiplicity:1.17
0.006	0.981	0.004	0.009
0.838	0.039	0.032	0.091
0.001	0.590	0.077	0.332
0.299	0.073	0.622	0.006
0.128	0.016	0.029	0.827
0.012	0.004	0.960	0.024
0.743	0.035	0.136	0.086
0.062	0.439	0.110	0.389
>CACGTGAC	2-CACGTGAC	5.794417	-150.825401	0	T:3868.0(58.00%),B:6029.1(45.15%),P:1e-65	Tpos:487.0,Tstd:417.4,Bpos:533.6,Bstd:577.3,StrandBias:0.0,Multiplicity:1.55
0.001	0.997	0.001	0.001
0.462	0.079	0.278	0.182
0.001	0.594	0.001	0.404
0.258	0.001	0.740	0.001
0.290	0.001	0.217	0.491
0.001	0.001	0.997	0.001
0.611	0.001	0.387	0.001
0.104	0.484	0.239	0.173
>GCCTTTGT	3-GCCTTTGT	6.511784	-92.117182	0	T:3189.0(47.82%),B:5068.8(37.96%),P:1e-40	Tpos:470.9,Tstd:343.7,Bpos:499.8,Bstd:502.1,StrandBias:0.1,Multiplicity:1.46
0.022	0.267	0.629	0.082
0.001	0.809	0.101	0.089
0.001	0.931	0.008	0.060
0.047	0.066	0.024	0.863
0.001	0.001	0.001	0.997
0.001	0.010	0.001	0.988
0.025	0.001	0.973	0.001
0.040	0.001	0.001	0.958
>SCYATTGT	4-SCYATTGT	6.409514	-60.156889	0	T:2838.0(42.56%),B:4644.7(34.78%),P:1e-26	Tpos:475.1,Tstd:355.2,Bpos:468.1,Bstd:457.0,StrandBias:-0.0,Multiplicity:1.28
0.139	0.439	0.420	0.001
0.001	0.624	0.374	0.001
0.057	0.526	0.002	0.415
0.689	0.196	0.112	0.003
0.001	0.058	0.046	0.895
0.001	0.044	0.001	0.954
0.064	0.153	0.782	0.001
0.261	0.001	0.001	0.737
>TGACCTTT	5-TGACCTTT	8.011715	-45.678346	0	T:447.0(6.70%),B:493.6(3.70%),P:1e-19	Tpos:465.4,Tstd:325.4,Bpos:493.3,Bstd:406.1,StrandBias:0.0,Multiplicity:1.04
0.001	0.047	0.001	0.951
0.001	0.001	0.997	0.001
0.997	0.001	0.001	0.001
0.001	0.997	0.001	0.001
0.001	0.997	0.001	0.001
0.001	0.001	0.001	0.997
0.001	0.001	0.001	0.997
0.001	0.001	0.001	0.997
>GCTTTGTT	6-GCTTTGTT	8.371251	-44.822769	0	T:1712.0(25.67%),B:2664.4(19.95%),P:1e-19	Tpos:475.0,Tstd:372.2,Bpos:464.9,Bstd:425.7,StrandBias:-0.1,Multiplicity:1.15
0.001	0.001	0.777	0.221
0.001	0.997	0.001	0.001
0.001	0.116	0.001	0.882
0.001	0.001	0.001	0.997
0.001	0.001	0.001	0.997
0.001	0.147	0.851	0.001
0.128	0.001	0.001	0.870
0.001	0.001	0.001	0.997
>WAAAAGCC	7-WAAAAGCC	6.673546	-36.647929	0	T:3495.0(52.41%),B:6176.7(46.25%),P:1e-15	Tpos:495.7,Tstd:427.4,Bpos:494.8,Bstd:478.1,StrandBias:0.0,Multiplicity:1.47
0.387	0.001	0.197	0.415
0.845	0.001	0.001	0.153
0.931	0.028	0.001	0.040
0.700	0.071	0.228	0.001
0.710	0.001	0.219	0.070
0.001	0.001	0.997	0.001
0.001	0.891	0.107	0.001
0.001	0.911	0.001	0.087
>CCTTGTGT	8-CCTTGTGT	6.743244	-35.518201	0	T:2113.0(31.68%),B:3500.6(26.21%),P:1e-15	Tpos:481.0,Tstd:401.9,Bpos:491.7,Bstd:480.7,StrandBias:0.2,Multiplicity:1.18
0.001	0.920	0.042	0.037
0.031	0.890	0.050	0.029
0.001	0.001	0.001	0.997
0.049	0.001	0.035	0.915
0.157	0.126	0.716	0.001
0.001	0.001	0.001	0.997
0.108	0.063	0.828	0.001
0.112	0.029	0.130	0.729
>GAACACAA	9-GAACACAA	7.309881	-34.532661	0	T:2702.0(40.52%),B:4640.3(34.75%),P:1e-14	Tpos:466.5,Tstd:360.7,Bpos:471.3,Bstd:431.1,StrandBias:-0.1,Multiplicity:1.32
0.078	0.001	0.887	0.034
0.898	0.001	0.033	0.068
0.838	0.036	0.057	0.069
0.078	0.793	0.128	0.001
0.930	0.041	0.001	0.028
0.086	0.830	0.042	0.042
0.997	0.001	0.001	0.001
0.886	0.056	0.057	0.001
>DTCMGCTG	10-DTCMGCTG	5.020499	-33.532564	0	T:651.0(9.76%),B:879.5(6.59%),P:1e-14	Tpos:491.2,Tstd:438.7,Bpos:517.7,Bstd:569.2,StrandBias:-0.2,Multiplicity:1.08
0.305	0.147	0.326	0.222
0.144	0.200	0.094	0.562
0.134	0.587	0.184	0.095
0.415	0.293	0.181	0.110
0.156	0.120	0.604	0.120
0.168	0.614	0.117	0.101
0.099	0.150	0.265	0.486
0.200	0.216	0.407	0.178
>CTTTCATA	11-CTTTCATA	7.768273	-32.961970	0	T:1799.0(26.98%),B:2937.1(21.99%),P:1e-14	Tpos:475.4,Tstd:367.8,Bpos:477.3,Bstd:439.3,StrandBias:0.0,Multiplicity:1.20
0.001	0.915	0.029	0.055
0.099	0.032	0.022	0.847
0.016	0.001	0.001	0.982
0.026	0.028	0.022	0.924
0.001	0.971	0.001	0.027
0.977	0.001	0.021	0.001
0.113	0.049	0.080	0.758
0.676	0.181	0.093	0.050
>GTACTGTT	12-GTACTGTT	6.810461	-32.734835	0	T:1856.0(27.83%),B:3047.0(22.82%),P:1e-14	Tpos:476.5,Tstd:364.9,Bpos:481.5,Bstd:439.1,StrandBias:0.1,Multiplicity:1.23
0.029	0.035	0.798	0.138
0.001	0.153	0.001	0.845
0.816	0.046	0.071	0.067
0.001	0.910	0.055	0.034
0.092	0.001	0.001	0.906
0.001	0.062	0.936	0.001
0.001	0.001	0.038	0.960
0.045	0.074	0.023	0.858
>GGCTTTCA	13-GGCTTTCA	3.980649	-25.750140	0	T:1293.0(19.39%),B:2076.8(15.55%),P:1e-11	Tpos:483.4,Tstd:417.9,Bpos:508.1,Bstd:505.8,StrandBias:0.0,Multiplicity:1.17
0.001	0.001	0.997	0.001
0.001	0.001	0.997	0.001
0.001	0.997	0.001	0.001
0.031	0.001	0.383	0.585
0.001	0.166	0.001	0.832
0.001	0.001	0.001	0.997
0.001	0.997	0.001	0.001
0.997	0.001	0.001	0.001
>TCTGCCGA	14-TCTGCCGA	7.048137	-25.237800	0	T:783.0(11.74%),B:1164.1(8.72%),P:1e-10	Tpos:499.1,Tstd:411.4,Bpos:541.7,Bstd:556.1,StrandBias:0.1,Multiplicity:1.06
0.001	0.001	0.001	0.997
0.001	0.706	0.001	0.292
0.001	0.001	0.056	0.942
0.001	0.001	0.915	0.083
0.178	0.604	0.064	0.154
0.001	0.944	0.001	0.054
0.001	0.001	0.997	0.001
0.890	0.001	0.001	0.108
>TTCAGTCG	15-TTCAGTCG	5.498688	-21.165106	0	T:2386.0(35.78%),B:4203.2(31.48%),P:1e-9	Tpos:481.6,Tstd:398.2,Bpos:495.1,Bstd:491.7,StrandBias:0.0,Multiplicity:1.27
0.070	0.028	0.182	0.720
0.065	0.032	0.071	0.832
0.085	0.756	0.074	0.085
0.615	0.125	0.113	0.147
0.058	0.106	0.741	0.095
0.097	0.048	0.081	0.774
0.148	0.794	0.040	0.018
0.082	0.018	0.776	0.124
>GGACCGTG	16-GGACCGTG	7.070944	-16.041595	0	T:1255.0(18.82%),B:2120.5(15.88%),P:1e-6	Tpos:533.1,Tstd:505.4,Bpos:561.2,Bstd:617.3,StrandBias:0.1,Multiplicity:1.23
0.050	0.001	0.948	0.001
0.049	0.065	0.847	0.039
0.896	0.001	0.102	0.001
0.001	0.997	0.001	0.001
0.166	0.715	0.001	0.118
0.001	0.044	0.954	0.001
0.040	0.046	0.072	0.842
0.001	0.001	0.947	0.051
>TATAAAAC	17-TATAAAAC	8.430930	-16.008631	0	T:804.0(12.06%),B:1288.3(9.65%),P:1e-6	Tpos:452.0,Tstd:329.2,Bpos:460.5,Bstd:396.2,StrandBias:-0.1,Multiplicity:1.09
0.001	0.001	0.020	0.978
0.755	0.243	0.001	0.001
0.086	0.001	0.366	0.547
0.863	0.001	0.051	0.085
0.741	0.032	0.226	0.001
0.567	0.001	0.069	0.363
0.868	0.001	0.130	0.001
0.015	0.860	0.124	0.001
>GCACCTGC	18-GCACCTGC	8.835127	-12.534751	0	T:554.0(8.31%),B:874.4(6.55%),P:1e-5	Tpos:487.9,Tstd:435.7,Bpos:516.7,Bstd:620.1,StrandBias:-0.1,Multiplicity:1.12
0.291	0.001	0.707	0.001
0.001	0.847	0.001	0.151
0.997	0.001	0.001	0.001
0.001	0.997	0.001	0.001
0.001	0.997	0.001	0.001
0.001	0.001	0.001	0.997
0.001	0.001	0.997	0.001
0.001	0.997	0.001	0.001
>AGCCCCTC	19-AGCCCCTC	8.464710	-10.818851	0	T:747.0(11.20%),B:1246.4(9.33%),P:1e-4	Tpos:531.8,Tstd:518.8,Bpos:632.0,Bstd:753.1,StrandBias:0.1,Multiplicity:1.21
0.997	0.001	0.001	0.001
0.001	0.179	0.819	0.001
0.001	0.997	0.001	0.001
0.001	0.908	0.090	0.001
0.001	0.997	0.001	0.001
0.001	0.997	0.001	0.001
0.001	0.001	0.001	0.997
0.001	0.997	0.001	0.001
>GACGGTCA	20-GACGGTCA	8.236954	-8.963067	0	T:46.0(0.69%),B:41.7(0.31%),P:1e-3	Tpos:427.5,Tstd:295.4,Bpos:513.0,Bstd:540.4,StrandBias:-0.6,Multiplicity:1.00
0.100	0.100	0.700	0.100
0.700	0.100	0.100	0.100
0.100	0.700	0.100	0.100
0.100	0.100	0.700	0.100
0.100	0.100	0.700	0.100
0.100	0.100	0.100	0.700
0.100	0.700	0.100	0.100
0.700	0.100	0.100	0.100
>CCATCGCA	21-CCATCGCA	9.059407	-2.963653	0	T:65.0(0.97%),B:99.9(0.75%),P:1e-1	Tpos:468.4,Tstd:464.3,Bpos:577.1,Bstd:604.3,StrandBias:0.2,Multiplicity:1.72
0.001	0.997	0.001	0.001
0.001	0.997	0.001	0.001
0.997	0.001	0.001	0.001
0.001	0.001	0.001	0.997
0.001	0.997	0.001	0.001
0.001	0.001	0.997	0.001
0.001	0.997	0.001	0.001
0.864	0.001	0.134	0.001
