>GAGCTACCTC	1-GAGCTACCTC	11.321874	-26.503624	0	T:7.0(5.15%),B:2.0(0.06%),P:1e-11	Tpos:58.5,Tstd:41.6,Bpos:108.0,Bstd:16.0,StrandBias:0.0,Multiplicity:1.00
0.001	0.001	0.997	0.001
0.997	0.001	0.001	0.001
0.001	0.001	0.997	0.001
0.001	0.826	0.172	0.001
0.001	0.136	0.001	0.862
0.655	0.001	0.172	0.172
0.001	0.997	0.001	0.001
0.001	0.997	0.001	0.001
0.172	0.001	0.001	0.826
0.001	0.997	0.001	0.001
>TTCTATTTAA	2-TTCTATTTAA	10.573600	-23.960891	0	T:12.0(8.82%),B:20.0(0.58%),P:1e-10	Tpos:74.0,Tstd:38.1,Bpos:65.6,Bstd:32.0,StrandBias:0.0,Multiplicity:1.00
0.001	0.001	0.001	0.997
0.001	0.001	0.001	0.997
0.001	0.997	0.001	0.001
0.001	0.167	0.001	0.831
0.997	0.001	0.001	0.001
0.086	0.001	0.108	0.805
0.001	0.107	0.001	0.891
0.108	0.001	0.108	0.783
0.759	0.001	0.239	0.001
0.997	0.001	0.001	0.001
>TGTCAAAAAA	3-TGTCAAAAAA	7.572831	-22.441115	0	T:52.0(38.24%),B:540.0(15.71%),P:1e-9	Tpos:75.8,Tstd:28.2,Bpos:75.8,Bstd:39.6,StrandBias:-0.1,Multiplicity:1.22
0.067	0.001	0.031	0.901
0.113	0.017	0.557	0.313
0.266	0.085	0.031	0.618
0.227	0.398	0.171	0.203
0.902	0.001	0.001	0.096
0.932	0.001	0.042	0.025
0.971	0.001	0.027	0.001
0.809	0.001	0.001	0.189
0.904	0.001	0.035	0.060
0.931	0.001	0.001	0.067
>ATCTGAGTTA	4-ATCTGAGTTA	8.401207	-21.434946	0	T:14.0(10.29%),B:38.0(1.11%),P:1e-9	Tpos:68.7,Tstd:38.0,Bpos:78.6,Bstd:39.8,StrandBias:1.3,Multiplicity:1.00
0.667	0.066	0.066	0.201
0.185	0.002	0.001	0.812
0.132	0.732	0.135	0.001
0.065	0.001	0.001	0.933
0.135	0.066	0.798	0.001
0.867	0.001	0.066	0.066
0.069	0.135	0.743	0.053
0.001	0.001	0.001	0.997
0.265	0.066	0.001	0.668
0.798	0.001	0.001	0.200
>RTGTGTGTGT	5-RTGTGTGTGT	9.132351	-19.055593	0	T:21.0(15.44%),B:114.0(3.32%),P:1e-8	Tpos:77.4,Tstd:30.2,Bpos:79.5,Bstd:39.7,StrandBias:-2.5,Multiplicity:1.20
0.562	0.001	0.436	0.001
0.117	0.005	0.001	0.877
0.274	0.001	0.479	0.245
0.117	0.001	0.001	0.881
0.099	0.001	0.899	0.001
0.001	0.001	0.004	0.994
0.027	0.001	0.667	0.305
0.001	0.001	0.001	0.997
0.078	0.001	0.862	0.059
0.006	0.078	0.001	0.915
>CAGAGTGACA	6-CAGAGTGACA	11.329619	-17.608089	0	T:5.0(3.68%),B:2.0(0.06%),P:1e-7	Tpos:47.9,Tstd:37.6,Bpos:88.0,Bstd:57.0,StrandBias:1.3,Multiplicity:1.20
0.001	0.997	0.001	0.001
0.997	0.001	0.001	0.001
0.001	0.001	0.997	0.001
0.831	0.001	0.167	0.001
0.001	0.001	0.997	0.001
0.001	0.001	0.167	0.831
0.001	0.001	0.997	0.001
0.831	0.001	0.001	0.167
0.001	0.841	0.157	0.001
0.831	0.167	0.001	0.001
>ATATGTGTAT	7-ATATGTGTAT	7.729252	-17.283720	0	T:24.0(17.65%),B:164.0(4.77%),P:1e-7	Tpos:77.1,Tstd:48.3,Bpos:77.4,Bstd:42.3,StrandBias:-0.2,Multiplicity:1.67
0.820	0.001	0.075	0.104
0.026	0.041	0.075	0.858
0.748	0.052	0.112	0.088
0.001	0.025	0.001	0.973
0.128	0.078	0.681	0.113
0.104	0.001	0.026	0.869
0.169	0.104	0.645	0.082
0.140	0.074	0.026	0.760
0.794	0.052	0.090	0.064
0.085	0.026	0.026	0.863
>GGGGCAAAAA	8-GGGGCAAAAA	9.938106	-16.759357	0	T:10.0(7.35%),B:24.0(0.70%),P:1e-7	Tpos:71.5,Tstd:39.9,Bpos:72.0,Bstd:35.4,StrandBias:-0.5,Multiplicity:1.00
0.001	0.001	0.997	0.001
0.230	0.001	0.768	0.001
0.144	0.001	0.854	0.001
0.001	0.001	0.997	0.001
0.237	0.597	0.165	0.001
0.709	0.001	0.001	0.289
0.709	0.001	0.001	0.289
0.997	0.001	0.001	0.001
0.854	0.001	0.144	0.001
0.997	0.001	0.001	0.001
>TATGTCTTCT	9-TATGTCTTCT	10.123846	-16.580739	0	T:12.0(8.82%),B:39.0(1.13%),P:1e-7	Tpos:83.2,Tstd:43.1,Bpos:74.0,Bstd:42.7,StrandBias:0.5,Multiplicity:1.00
0.001	0.089	0.001	0.909
0.729	0.067	0.114	0.090
0.001	0.001	0.113	0.885
0.001	0.001	0.939	0.059
0.001	0.001	0.001	0.997
0.089	0.909	0.001	0.001
0.076	0.001	0.001	0.922
0.113	0.001	0.001	0.885
0.001	0.932	0.001	0.066
0.001	0.001	0.001	0.997
>ATATATATAT	10-ATATATATAT	11.676589	-16.403037	0	T:13.0(9.56%),B:48.0(1.40%),P:1e-7	Tpos:72.3,Tstd:28.0,Bpos:67.1,Bstd:36.0,StrandBias:-0.0,Multiplicity:2.69
0.736	0.001	0.130	0.133
0.001	0.001	0.001	0.997
0.997	0.001	0.001	0.001
0.001	0.079	0.001	0.919
0.997	0.001	0.001	0.001
0.001	0.061	0.001	0.937
0.957	0.001	0.001	0.041
0.001	0.188	0.001	0.810
0.997	0.001	0.001	0.001
0.001	0.001	0.001	0.997
>TGTTGTTKTT	11-TGTTGTTKTT	10.743564	-15.766171	0	T:17.0(12.50%),B:91.0(2.65%),P:1e-6	Tpos:76.5,Tstd:19.9,Bpos:75.3,Bstd:37.4,StrandBias:0.6,Multiplicity:1.50
0.043	0.001	0.001	0.955
0.023	0.026	0.829	0.122
0.001	0.001	0.029	0.969
0.001	0.001	0.017	0.981
0.001	0.001	0.852	0.146
0.001	0.001	0.029	0.969
0.001	0.001	0.001	0.997
0.035	0.044	0.401	0.520
0.001	0.001	0.043	0.955
0.001	0.001	0.022	0.976
>GGAAATGACT	12-GGAAATGACT	10.666103	-13.851522	0	T:6.0(4.41%),B:8.0(0.23%),P:1e-6	Tpos:41.0,Tstd:24.7,Bpos:59.2,Bstd:25.0,StrandBias:2.3,Multiplicity:1.00
0.001	0.001	0.764	0.234
0.001	0.001	0.997	0.001
0.997	0.001	0.001	0.001
0.997	0.001	0.001	0.001
0.997	0.001	0.001	0.001
0.001	0.001	0.001	0.997
0.001	0.001	0.997	0.001
0.997	0.001	0.001	0.001
0.179	0.819	0.001	0.001
0.001	0.001	0.001	0.997
>AGARAGAGAG	13-AGARAGAGAG	9.212642	-12.806643	0	T:12.0(8.82%),B:56.0(1.63%),P:1e-5	Tpos:94.0,Tstd:20.2,Bpos:81.9,Bstd:37.7,StrandBias:2.7,Multiplicity:1.17
0.997	0.001	0.001	0.001
0.001	0.037	0.961	0.001
0.997	0.001	0.001	0.001
0.451	0.030	0.518	0.001
0.997	0.001	0.001	0.001
0.001	0.001	0.997	0.001
0.997	0.001	0.001	0.001
0.413	0.001	0.585	0.001
0.997	0.001	0.001	0.001
0.001	0.001	0.997	0.001
>TAATAATTAT	14-TAATAATTAT	8.062139	-9.868002	0	T:18.0(13.24%),B:157.0(4.57%),P:1e-4	Tpos:76.1,Tstd:32.8,Bpos:72.1,Bstd:38.1,StrandBias:-0.2,Multiplicity:1.35
0.107	0.062	0.020	0.811
0.794	0.072	0.016	0.118
0.792	0.040	0.035	0.133
0.081	0.031	0.046	0.842
0.781	0.034	0.035	0.150
0.924	0.028	0.001	0.047
0.180	0.039	0.019	0.762
0.084	0.069	0.122	0.725
0.804	0.067	0.029	0.100
0.114	0.039	0.077	0.770
>GCGCGCGCGC	15-GCGCGCGCGC	10.296193	-7.185878	0	T:2.0(1.47%),B:1.0(0.03%),P:1e-3	Tpos:67.7,Tstd:3.4,Bpos:42.5,Bstd:0.5,StrandBias:0.0,Multiplicity:1.00
0.100	0.100	0.700	0.100
0.100	0.700	0.100	0.100
0.100	0.100	0.700	0.100
0.100	0.700	0.100	0.100
0.100	0.100	0.700	0.100
0.100	0.700	0.100	0.100
0.100	0.100	0.700	0.100
0.100	0.700	0.100	0.100
0.100	0.100	0.700	0.100
0.100	0.700	0.100	0.100
>AAAAGAAAAG	16-AAAAGAAAAG	11.319980	-7.131587	0	T:8.0(5.88%),B:49.0(1.43%),P:1e-3	Tpos:74.0,Tstd:18.0,Bpos:66.8,Bstd:38.4,StrandBias:-0.5,Multiplicity:1.71
0.997	0.001	0.001	0.001
0.997	0.001	0.001	0.001
0.997	0.001	0.001	0.001
0.782	0.001	0.114	0.103
0.001	0.001	0.997	0.001
0.997	0.001	0.001	0.001
0.997	0.001	0.001	0.001
0.997	0.001	0.001	0.001
0.782	0.001	0.103	0.114
0.001	0.001	0.997	0.001
>TAACTAACTA	17-TAACTAACTA	11.918866	-5.825457	0	T:2.0(1.47%),B:2.0(0.06%),P:1e-2	Tpos:90.2,Tstd:21.1,Bpos:55.5,Bstd:49.5,StrandBias:2.3,Multiplicity:1.00
0.001	0.001	0.001	0.997
0.819	0.001	0.001	0.179
0.997	0.001	0.001	0.001
0.001	0.997	0.001	0.001
0.001	0.001	0.001	0.997
0.997	0.001	0.001	0.001
0.997	0.001	0.001	0.001
0.179	0.819	0.001	0.001
0.001	0.001	0.001	0.997
0.997	0.001	0.001	0.001
>AGACCCCTGC	18-AGACCCCTGC	10.296193	-2.575581	0	T:1.0(0.74%),B:2.0(0.06%),P:1e-1	Tpos:57.0,Tstd:17.2,Bpos:110.0,Bstd:1.0,StrandBias:10.0,Multiplicity:4.00
0.700	0.100	0.100	0.100
0.100	0.100	0.700	0.100
0.700	0.100	0.100	0.100
0.100	0.700	0.100	0.100
0.100	0.700	0.100	0.100
0.100	0.700	0.100	0.100
0.100	0.700	0.100	0.100
0.100	0.100	0.100	0.700
0.100	0.100	0.700	0.100
0.100	0.700	0.100	0.100
