>motif0
0.916666666667	0.0	0.0416666666667	0.0416666666667
0.0104166666667	0.458333333333	0.447916666667	0.0833333333333
0.895833333333	0.0	0.0833333333333	0.0208333333333
0.604166666667	0.395833333333	0.0	0.0
0.791666666667	0.1875	0.0208333333333	0.0
0.260416666667	0.395833333333	0.0416666666667	0.302083333333
0.21875	0.0	0.666666666667	0.114583333333
0.0	0.09375	0.791666666667	0.114583333333
0.0416666666667	0.385416666667	0.34375	0.229166666667
0.0	1.0	0.0	0.0
0.46875	0.0416666666667	0.09375	0.395833333333
0.177083333333	0.78125	0.0	0.0416666666667
0.5625	0.166666666667	0.0	0.270833333333
0.270833333333	0.104166666667	0.135416666667	0.489583333333
0.34375	0.3125	0.0416666666667	0.302083333333
0.0416666666667	0.0	0.0208333333333	0.9375
0.0	0.166666666667	0.791666666667	0.0416666666667
0.572916666667	0.135416666667	0.166666666667	0.125
0.0	0.229166666667	0.229166666667	0.541666666667
>motif1
0.104166666667	0.114583333333	0.635416666667	0.145833333333
0.0416666666667	0.260416666667	0.625	0.0729166666667
0.458333333333	0.208333333333	0.229166666667	0.104166666667
0.1875	0.0	0.0	0.8125
0.0	0.0208333333333	0.958333333333	0.0208333333333
0.84375	0.0	0.15625	0.0
0.0729166666667	0.25	0.666666666667	0.0104166666667
0.0	0.0	0.0	1.0
0.104166666667	0.34375	0.302083333333	0.25
0.947916666667	0.0	0.0	0.0520833333333
0.0	0.0625	0.9375	0.0
0.09375	0.0520833333333	0.458333333333	0.395833333333
0.28125	0.34375	0.354166666667	0.0208333333333
0.697916666667	0.145833333333	0.0	0.15625
0.0	0.0208333333333	0.552083333333	0.427083333333
0.0	0.0625	0.864583333333	0.0729166666667
0.59375	0.0	0.40625	0.0
0.375	0.0	0.614583333333	0.0104166666667
0.09375	0.135416666667	0.552083333333	0.21875
>motif2
0.166666666667	0.1875	0.614583333333	0.03125
0.0416666666667	0.4375	0.5	0.0208333333333
0.791666666667	0.125	0.0833333333333	0.0
0.395833333333	0.604166666667	0.0	0.0
0.65625	0.0208333333333	0.135416666667	0.1875
0.104166666667	0.645833333333	0.135416666667	0.114583333333
0.4375	0.447916666667	0.0520833333333	0.0625
0.0	0.0625	0.0625	0.875
0.0	0.0	0.65625	0.34375
0.0208333333333	0.760416666667	0.166666666667	0.0520833333333
0.177083333333	0.177083333333	0.0625	0.583333333333
0.0	0.552083333333	0.333333333333	0.114583333333
0.0104166666667	0.833333333333	0.0	0.15625
0.0	0.09375	0.1875	0.71875
0.0	0.645833333333	0.0729166666667	0.28125
0.197916666667	0.708333333333	0.0	0.09375
0.177083333333	0.0104166666667	0.0416666666667	0.770833333333
0.40625	0.0	0.583333333333	0.0104166666667
0.0625	0.0625	0.729166666667	0.145833333333
>motif3
0.541666666667	0.25	0.09375	0.114583333333
0.0625	0.0	0.208333333333	0.729166666667
0.0	0.0208333333333	0.979166666667	0.0
0.104166666667	0.03125	0.354166666667	0.510416666667
0.208333333333	0.40625	0.0520833333333	0.333333333333
0.854166666667	0.135416666667	0.0104166666667	0.0
0.114583333333	0.03125	0.8125	0.0416666666667
0.0	0.979166666667	0.0	0.0208333333333
0.40625	0.177083333333	0.0	0.416666666667
0.0	0.0416666666667	0.385416666667	0.572916666667
0.135416666667	0.46875	0.166666666667	0.229166666667
0.916666666667	0.0	0.03125	0.0520833333333
0.166666666667	0.09375	0.510416666667	0.229166666667
0.09375	0.729166666667	0.166666666667	0.0104166666667
0.302083333333	0.645833333333	0.03125	0.0208333333333
0.364583333333	0.53125	0.0416666666667	0.0625
0.666666666667	0.03125	0.0416666666667	0.260416666667
0.0833333333333	0.0104166666667	0.15625	0.75
0.104166666667	0.0	0.625	0.270833333333
>motif4
0.114583333333	0.541666666667	0.333333333333	0.0104166666667
0.208333333333	0.427083333333	0.0833333333333	0.28125
0.15625	0.0416666666667	0.739583333333	0.0625
0.0520833333333	0.0520833333333	0.0104166666667	0.885416666667
0.0104166666667	0.114583333333	0.84375	0.03125
0.416666666667	0.260416666667	0.135416666667	0.1875
0.40625	0.145833333333	0.0416666666667	0.40625
0.0	0.510416666667	0.239583333333	0.25
0.135416666667	0.239583333333	0.0416666666667	0.583333333333
0.0	0.0	0.302083333333	0.697916666667
0.0	0.0833333333333	0.0833333333333	0.833333333333
0.645833333333	0.0104166666667	0.291666666667	0.0520833333333
0.0833333333333	0.15625	0.25	0.510416666667
0.635416666667	0.104166666667	0.208333333333	0.0520833333333
0.0	0.0208333333333	0.03125	0.947916666667
0.0833333333333	0.260416666667	0.53125	0.125
0.0520833333333	0.947916666667	0.0	0.0
0.677083333333	0.0	0.0	0.322916666667
0.0520833333333	0.0625	0.833333333333	0.0520833333333
>motif5
0.916666666667	0.0	0.0208333333333	0.0625
0.25	0.114583333333	0.552083333333	0.0833333333333
0.375	0.114583333333	0.395833333333	0.114583333333
0.270833333333	0.104166666667	0.135416666667	0.489583333333
0.895833333333	0.03125	0.0208333333333	0.0520833333333
0.0729166666667	0.0104166666667	0.854166666667	0.0625
0.927083333333	0.0	0.0625	0.0104166666667
0.0	0.0520833333333	0.916666666667	0.03125
0.4375	0.0104166666667	0.197916666667	0.354166666667
0.6875	0.03125	0.0625	0.21875
0.28125	0.0	0.666666666667	0.0520833333333
0.0	0.0	0.96875	0.03125
0.9375	0.0	0.0625	0.0
0.552083333333	0.0520833333333	0.395833333333	0.0
0.177083333333	0.0208333333333	0.375	0.427083333333
0.0208333333333	0.145833333333	0.739583333333	0.09375
0.791666666667	0.0	0.197916666667	0.0104166666667
0.229166666667	0.0104166666667	0.739583333333	0.0208333333333
0.770833333333	0.0	0.229166666667	0.0
>motif6
0.21875	0.270833333333	0.479166666667	0.03125
0.28125	0.0416666666667	0.447916666667	0.229166666667
0.09375	0.65625	0.239583333333	0.0104166666667
0.03125	0.03125	0.520833333333	0.416666666667
0.197916666667	0.239583333333	0.5	0.0625
0.177083333333	0.0	0.802083333333	0.0208333333333
0.0	0.0104166666667	0.71875	0.270833333333
0.0104166666667	0.0	0.989583333333	0.0
0.84375	0.0520833333333	0.0833333333333	0.0208333333333
0.0104166666667	0.166666666667	0.666666666667	0.15625
0.489583333333	0.260416666667	0.15625	0.09375
0.614583333333	0.21875	0.0416666666667	0.125
0.135416666667	0.15625	0.416666666667	0.291666666667
0.0	0.0416666666667	0.927083333333	0.03125
0.03125	0.729166666667	0.239583333333	0.0
0.0	0.760416666667	0.0	0.239583333333
0.0208333333333	0.302083333333	0.114583333333	0.5625
0.0520833333333	0.166666666667	0.78125	0.0
0.0729166666667	0.645833333333	0.0	0.28125
>motif7
0.6875	0.0	0.0	0.3125
0.145833333333	0.0625	0.0416666666667	0.75
0.0625	0.5625	0.177083333333	0.197916666667
0.125	0.770833333333	0.0104166666667	0.09375
0.0104166666667	0.0104166666667	0.0	0.979166666667
0.0520833333333	0.0729166666667	0.385416666667	0.489583333333
0.25	0.0	0.0416666666667	0.708333333333
0.0	0.5625	0.0	0.4375
0.0	0.104166666667	0.0	0.895833333333
0.354166666667	0.489583333333	0.135416666667	0.0208333333333
0.375	0.104166666667	0.5	0.0208333333333
0.291666666667	0.291666666667	0.28125	0.135416666667
0.0208333333333	0.208333333333	0.0	0.770833333333
0.177083333333	0.0833333333333	0.09375	0.645833333333
0.71875	0.0208333333333	0.0	0.260416666667
0.0104166666667	0.84375	0.114583333333	0.03125
0.0	0.0208333333333	0.0104166666667	0.96875
0.364583333333	0.25	0.03125	0.354166666667
0.541666666667	0.03125	0.0208333333333	0.40625
>motif8
0.145833333333	0.1875	0.104166666667	0.5625
0.0	0.197916666667	0.0625	0.739583333333
0.0	0.739583333333	0.0520833333333	0.208333333333
0.0	0.614583333333	0.09375	0.291666666667
0.78125	0.166666666667	0.0208333333333	0.03125
0.0520833333333	0.135416666667	0.1875	0.625
0.0104166666667	0.84375	0.0520833333333	0.09375
0.0625	0.0520833333333	0.0	0.885416666667
0.21875	0.572916666667	0.09375	0.114583333333
0.28125	0.3125	0.385416666667	0.0208333333333
0.0416666666667	0.65625	0.125	0.177083333333
0.0104166666667	0.697916666667	0.0	0.291666666667
0.197916666667	0.03125	0.0104166666667	0.760416666667
0.0520833333333	0.0208333333333	0.270833333333	0.65625
0.03125	0.0208333333333	0.927083333333	0.0208333333333
0.0729166666667	0.135416666667	0.6875	0.104166666667
0.125	0.0104166666667	0.0833333333333	0.78125
0.125	0.0208333333333	0.03125	0.822916666667
0.114583333333	0.53125	0.229166666667	0.125
>motif9
0.0	0.0625	0.625	0.3125
0.125	0.479166666667	0.0104166666667	0.385416666667
0.0520833333333	0.822916666667	0.03125	0.09375
0.0	0.322916666667	0.125	0.552083333333
0.0104166666667	0.0104166666667	0.239583333333	0.739583333333
0.489583333333	0.104166666667	0.364583333333	0.0416666666667
0.354166666667	0.541666666667	0.03125	0.0729166666667
0.0625	0.541666666667	0.0	0.395833333333
0.0729166666667	0.0	0.114583333333	0.8125
0.03125	0.322916666667	0.458333333333	0.1875
0.0416666666667	0.0	0.104166666667	0.854166666667
0.0104166666667	0.03125	0.8125	0.145833333333
0.90625	0.0	0.0208333333333	0.0729166666667
0.0729166666667	0.822916666667	0.0520833333333	0.0520833333333
0.354166666667	0.0208333333333	0.25	0.375
0.208333333333	0.28125	0.416666666667	0.09375
0.354166666667	0.614583333333	0.0104166666667	0.0208333333333
0.875	0.0	0.09375	0.03125
0.0104166666667	0.302083333333	0.53125	0.15625
>motif10
0.979166666667	0.0104166666667	0.0	0.0104166666667
0.1875	0.510416666667	0.0	0.302083333333
0.947916666667	0.0208333333333	0.03125	0.0
0.78125	0.0208333333333	0.1875	0.0104166666667
0.96875	0.0	0.0	0.03125
0.0416666666667	0.03125	0.927083333333	0.0
0.625	0.114583333333	0.239583333333	0.0208333333333
0.177083333333	0.0520833333333	0.604166666667	0.166666666667
0.0729166666667	0.53125	0.302083333333	0.09375
0.1875	0.145833333333	0.3125	0.354166666667
0.0104166666667	0.479166666667	0.03125	0.479166666667
0.03125	0.197916666667	0.0104166666667	0.760416666667
0.0	0.03125	0.208333333333	0.760416666667
0.0104166666667	0.0	0.0	0.989583333333
0.0833333333333	0.197916666667	0.291666666667	0.427083333333
0.135416666667	0.0520833333333	0.0208333333333	0.791666666667
0.427083333333	0.0	0.0416666666667	0.53125
0.0104166666667	0.177083333333	0.302083333333	0.510416666667
0.125	0.364583333333	0.208333333333	0.302083333333
>motif11
0.0	0.875	0.0104166666667	0.114583333333
0.1875	0.770833333333	0.0104166666667	0.03125
0.0	0.0833333333333	0.0416666666667	0.875
0.0833333333333	0.0	0.895833333333	0.0208333333333
0.0833333333333	0.916666666667	0.0	0.0
0.0416666666667	0.927083333333	0.0	0.03125
0.0416666666667	0.0	0.0104166666667	0.947916666667
0.0	0.458333333333	0.03125	0.510416666667
0.697916666667	0.0	0.270833333333	0.03125
0.0	0.0208333333333	0.979166666667	0.0
0.0833333333333	0.864583333333	0.0520833333333	0.0
0.0	1.0	0.0	0.0
0.0	0.0208333333333	0.0208333333333	0.958333333333
0.0	0.78125	0.177083333333	0.0416666666667
0.0	1.0	0.0	0.0
0.03125	0.614583333333	0.0	0.354166666667
0.0729166666667	0.0104166666667	0.833333333333	0.0833333333333
0.875	0.0	0.09375	0.03125
0.0833333333333	0.0729166666667	0.84375	0.0
>motif12
0.270833333333	0.0	0.59375	0.135416666667
0.0	0.0	0.291666666667	0.708333333333
0.0104166666667	0.177083333333	0.65625	0.15625
0.635416666667	0.0104166666667	0.0729166666667	0.28125
0.270833333333	0.0104166666667	0.71875	0.0
0.854166666667	0.0	0.09375	0.0520833333333
0.427083333333	0.270833333333	0.0208333333333	0.28125
0.385416666667	0.177083333333	0.15625	0.28125
0.90625	0.0	0.0	0.09375
0.4375	0.34375	0.208333333333	0.0104166666667
0.0	0.75	0.0	0.25
0.0	0.677083333333	0.0	0.322916666667
0.875	0.0416666666667	0.0104166666667	0.0729166666667
0.0520833333333	0.0104166666667	0.9375	0.0
0.427083333333	0.0104166666667	0.375	0.1875
0.0416666666667	0.333333333333	0.291666666667	0.333333333333
0.989583333333	0.0	0.0	0.0104166666667
0.0	0.260416666667	0.520833333333	0.21875
0.239583333333	0.40625	0.322916666667	0.03125
>motif13
0.03125	0.645833333333	0.0520833333333	0.270833333333
0.645833333333	0.1875	0.0104166666667	0.15625
1.0	0.0	0.0	0.0
0.270833333333	0.03125	0.0208333333333	0.677083333333
0.447916666667	0.479166666667	0.0	0.0729166666667
0.479166666667	0.0	0.0	0.520833333333
0.5625	0.145833333333	0.0	0.291666666667
0.0	0.614583333333	0.385416666667	0.0
0.0	0.0	0.0208333333333	0.979166666667
0.0	0.90625	0.0208333333333	0.0729166666667
0.34375	0.177083333333	0.1875	0.291666666667
0.135416666667	0.479166666667	0.0625	0.322916666667
0.03125	0.833333333333	0.0	0.135416666667
0.5	0.291666666667	0.09375	0.114583333333
0.333333333333	0.354166666667	0.15625	0.15625
0.208333333333	0.395833333333	0.0729166666667	0.322916666667
0.0520833333333	0.447916666667	0.1875	0.3125
0.0	0.104166666667	0.0	0.895833333333
0.03125	0.177083333333	0.135416666667	0.65625
>motif14
0.270833333333	0.302083333333	0.427083333333	0.0
0.166666666667	0.229166666667	0.4375	0.166666666667
0.447916666667	0.0104166666667	0.4375	0.104166666667
0.322916666667	0.447916666667	0.0208333333333	0.208333333333
0.71875	0.0	0.0	0.28125
0.03125	0.927083333333	0.03125	0.0104166666667
1.0	0.0	0.0	0.0
0.833333333333	0.09375	0.0208333333333	0.0520833333333
0.604166666667	0.0	0.0	0.395833333333
0.125	0.0	0.875	0.0
0.458333333333	0.0416666666667	0.5	0.0
0.1875	0.479166666667	0.3125	0.0208333333333
0.395833333333	0.364583333333	0.239583333333	0.0
0.03125	0.53125	0.25	0.1875
0.104166666667	0.552083333333	0.0104166666667	0.333333333333
0.4375	0.0208333333333	0.479166666667	0.0625
0.0	0.635416666667	0.0	0.364583333333
0.0	0.322916666667	0.0	0.677083333333
0.0625	0.15625	0.666666666667	0.114583333333
>motif15
0.1875	0.145833333333	0.21875	0.447916666667
0.135416666667	0.0	0.0104166666667	0.854166666667
0.09375	0.1875	0.0	0.71875
0.729166666667	0.0208333333333	0.135416666667	0.114583333333
0.489583333333	0.0	0.46875	0.0416666666667
0.28125	0.0833333333333	0.520833333333	0.114583333333
0.0416666666667	0.0104166666667	0.0208333333333	0.927083333333
0.166666666667	0.0	0.03125	0.802083333333
0.0416666666667	0.0	0.125	0.833333333333
0.0	0.0	0.885416666667	0.114583333333
0.5625	0.0	0.270833333333	0.166666666667
0.21875	0.0416666666667	0.729166666667	0.0104166666667
0.354166666667	0.0520833333333	0.0104166666667	0.583333333333
0.104166666667	0.28125	0.614583333333	0.0
0.854166666667	0.03125	0.114583333333	0.0
0.0416666666667	0.03125	0.197916666667	0.729166666667
0.03125	0.0	0.125	0.84375
0.395833333333	0.260416666667	0.114583333333	0.229166666667
0.177083333333	0.104166666667	0.354166666667	0.364583333333
>motif16
0.239583333333	0.489583333333	0.177083333333	0.09375
0.0625	0.864583333333	0.0625	0.0104166666667
0.34375	0.25	0.0	0.40625
0.104166666667	0.625	0.0625	0.208333333333
0.333333333333	0.239583333333	0.0416666666667	0.385416666667
0.0208333333333	0.28125	0.03125	0.666666666667
0.0520833333333	0.46875	0.03125	0.447916666667
0.385416666667	0.28125	0.15625	0.177083333333
0.78125	0.21875	0.0	0.0
0.0	0.96875	0.0208333333333	0.0104166666667
0.03125	0.0416666666667	0.0	0.927083333333
0.0416666666667	0.822916666667	0.0	0.135416666667
0.697916666667	0.302083333333	0.0	0.0
0.03125	0.916666666667	0.0	0.0520833333333
0.135416666667	0.15625	0.0104166666667	0.697916666667
0.15625	0.5	0.0104166666667	0.333333333333
0.1875	0.802083333333	0.0	0.0104166666667
0.0104166666667	0.0416666666667	0.0	0.947916666667
0.0520833333333	0.864583333333	0.0208333333333	0.0625
>motif17
0.270833333333	0.239583333333	0.40625	0.0833333333333
0.833333333333	0.0	0.0208333333333	0.145833333333
0.0729166666667	0.90625	0.0104166666667	0.0104166666667
0.1875	0.0520833333333	0.0208333333333	0.739583333333
0.0416666666667	0.21875	0.0520833333333	0.6875
0.552083333333	0.03125	0.0208333333333	0.395833333333
0.0104166666667	0.0729166666667	0.822916666667	0.09375
0.270833333333	0.0104166666667	0.229166666667	0.489583333333
0.0	0.135416666667	0.864583333333	0.0
0.864583333333	0.0	0.0416666666667	0.09375
0.0	0.375	0.0	0.625
0.270833333333	0.125	0.208333333333	0.395833333333
0.791666666667	0.135416666667	0.0208333333333	0.0520833333333
0.375	0.270833333333	0.104166666667	0.25
0.0520833333333	0.25	0.0208333333333	0.677083333333
0.145833333333	0.552083333333	0.03125	0.270833333333
0.802083333333	0.15625	0.0104166666667	0.03125
0.0625	0.0104166666667	0.0729166666667	0.854166666667
0.416666666667	0.1875	0.333333333333	0.0625
>motif18
0.354166666667	0.0833333333333	0.552083333333	0.0104166666667
0.489583333333	0.208333333333	0.0	0.302083333333
0.947916666667	0.0104166666667	0.0104166666667	0.03125
0.729166666667	0.0	0.0625	0.208333333333
0.1875	0.0208333333333	0.0208333333333	0.770833333333
0.0625	0.0208333333333	0.822916666667	0.09375
0.260416666667	0.0729166666667	0.0416666666667	0.625
0.916666666667	0.0104166666667	0.0104166666667	0.0625
0.510416666667	0.270833333333	0.208333333333	0.0104166666667
0.270833333333	0.135416666667	0.416666666667	0.177083333333
0.8125	0.0416666666667	0.0104166666667	0.135416666667
0.0416666666667	0.645833333333	0.0416666666667	0.270833333333
0.0208333333333	0.1875	0.0208333333333	0.770833333333
0.0729166666667	0.739583333333	0.114583333333	0.0729166666667
0.770833333333	0.0	0.125	0.104166666667
0.0625	0.0416666666667	0.895833333333	0.0
0.0208333333333	0.09375	0.71875	0.166666666667
0.208333333333	0.208333333333	0.385416666667	0.197916666667
0.239583333333	0.270833333333	0.0729166666667	0.416666666667
>motif19
0.229166666667	0.489583333333	0.0	0.28125
0.760416666667	0.0	0.208333333333	0.03125
0.0416666666667	0.9375	0.0208333333333	0.0
0.864583333333	0.104166666667	0.0	0.03125
0.0	0.989583333333	0.0	0.0104166666667
0.9375	0.0	0.0625	0.0
0.1875	0.458333333333	0.229166666667	0.125
0.145833333333	0.0	0.0104166666667	0.84375
0.0833333333333	0.0208333333333	0.885416666667	0.0104166666667
0.21875	0.166666666667	0.416666666667	0.197916666667
0.208333333333	0.375	0.364583333333	0.0520833333333
0.145833333333	0.15625	0.427083333333	0.270833333333
0.0208333333333	0.6875	0.239583333333	0.0520833333333
0.208333333333	0.177083333333	0.0729166666667	0.541666666667
0.270833333333	0.395833333333	0.09375	0.239583333333
0.0416666666667	0.229166666667	0.614583333333	0.114583333333
0.0	0.0	0.104166666667	0.895833333333
0.0	0.0625	0.666666666667	0.270833333333
0.0208333333333	0.25	0.25	0.479166666667
>motif20
0.104166666667	0.15625	0.25	0.489583333333
0.15625	0.03125	0.8125	0.0
0.885416666667	0.0416666666667	0.0729166666667	0.0
0.322916666667	0.177083333333	0.427083333333	0.0729166666667
0.458333333333	0.0104166666667	0.270833333333	0.260416666667
0.0208333333333	0.979166666667	0.0	0.0
0.75	0.09375	0.0	0.15625
0.135416666667	0.802083333333	0.0416666666667	0.0208333333333
0.0729166666667	0.53125	0.0416666666667	0.354166666667
0.260416666667	0.09375	0.3125	0.333333333333
0.583333333333	0.0104166666667	0.239583333333	0.166666666667
0.927083333333	0.03125	0.0	0.0416666666667
0.166666666667	0.177083333333	0.59375	0.0625
0.0104166666667	0.09375	0.791666666667	0.104166666667
0.0	0.84375	0.0	0.15625
0.0520833333333	0.46875	0.0	0.479166666667
0.21875	0.0625	0.0104166666667	0.708333333333
0.229166666667	0.3125	0.1875	0.270833333333
0.760416666667	0.0416666666667	0.0	0.197916666667
>motif21
0.145833333333	0.0416666666667	0.760416666667	0.0520833333333
0.416666666667	0.0833333333333	0.291666666667	0.208333333333
0.479166666667	0.0	0.135416666667	0.385416666667
0.0833333333333	0.104166666667	0.75	0.0625
0.09375	0.125	0.677083333333	0.104166666667
0.520833333333	0.260416666667	0.114583333333	0.104166666667
0.28125	0.59375	0.0	0.125
0.885416666667	0.0208333333333	0.0520833333333	0.0416666666667
0.28125	0.0208333333333	0.697916666667	0.0
0.0	0.0208333333333	0.9375	0.0416666666667
0.03125	0.0104166666667	0.770833333333	0.1875
0.729166666667	0.0	0.0729166666667	0.197916666667
0.0208333333333	0.0	0.8125	0.166666666667
0.0104166666667	0.0	0.4375	0.552083333333
0.322916666667	0.0208333333333	0.53125	0.125
0.90625	0.0	0.09375	0.0
0.0	0.0104166666667	0.947916666667	0.0416666666667
0.145833333333	0.0	0.84375	0.0104166666667
0.239583333333	0.0	0.760416666667	0.0
>motif22
0.53125	0.385416666667	0.0	0.0833333333333
0.0416666666667	0.729166666667	0.166666666667	0.0625
0.677083333333	0.0833333333333	0.0	0.239583333333
0.625	0.0729166666667	0.28125	0.0208333333333
0.0	0.270833333333	0.5625	0.166666666667
0.09375	0.885416666667	0.0208333333333	0.0
0.677083333333	0.03125	0.0208333333333	0.270833333333
0.0104166666667	0.03125	0.916666666667	0.0416666666667
0.3125	0.427083333333	0.21875	0.0416666666667
0.260416666667	0.09375	0.427083333333	0.21875
0.197916666667	0.114583333333	0.0625	0.625
0.0104166666667	0.229166666667	0.625	0.135416666667
0.114583333333	0.104166666667	0.53125	0.25
0.229166666667	0.125	0.572916666667	0.0729166666667
0.166666666667	0.25	0.166666666667	0.416666666667
0.0625	0.239583333333	0.479166666667	0.21875
0.0	0.166666666667	0.8125	0.0208333333333
0.0833333333333	0.0	0.09375	0.822916666667
0.989583333333	0.0104166666667	0.0	0.0
>motif23
0.0729166666667	0.416666666667	0.0729166666667	0.4375
0.104166666667	0.25	0.479166666667	0.166666666667
0.0625	0.552083333333	0.260416666667	0.125
0.0833333333333	0.791666666667	0.125	0.0
0.375	0.333333333333	0.21875	0.0729166666667
0.0208333333333	0.208333333333	0.229166666667	0.541666666667
0.75	0.25	0.0	0.0
0.0208333333333	0.46875	0.114583333333	0.395833333333
0.291666666667	0.0625	0.614583333333	0.03125
0.895833333333	0.0625	0.0416666666667	0.0
0.09375	0.395833333333	0.145833333333	0.364583333333
0.479166666667	0.21875	0.302083333333	0.0
0.0104166666667	0.989583333333	0.0	0.0
0.125	0.104166666667	0.145833333333	0.625
0.0416666666667	0.0625	0.895833333333	0.0
0.0416666666667	0.03125	0.0	0.927083333333
0.0520833333333	0.177083333333	0.614583333333	0.15625
0.5	0.3125	0.03125	0.15625
0.625	0.09375	0.0625	0.21875
>motif24
0.0	0.03125	0.854166666667	0.114583333333
0.03125	0.25	0.666666666667	0.0520833333333
0.864583333333	0.0208333333333	0.0104166666667	0.104166666667
0.135416666667	0.166666666667	0.572916666667	0.125
0.0	0.0833333333333	0.572916666667	0.34375
0.15625	0.479166666667	0.03125	0.333333333333
0.197916666667	0.583333333333	0.15625	0.0625
0.822916666667	0.0	0.0520833333333	0.125
0.0	0.0	1.0	0.0
0.114583333333	0.114583333333	0.75	0.0208333333333
0.114583333333	0.125	0.458333333333	0.302083333333
0.114583333333	0.104166666667	0.78125	0.0
0.4375	0.0104166666667	0.25	0.302083333333
0.0208333333333	0.4375	0.520833333333	0.0208333333333
0.0416666666667	0.177083333333	0.416666666667	0.364583333333
0.21875	0.46875	0.0104166666667	0.302083333333
0.739583333333	0.0625	0.104166666667	0.09375
0.114583333333	0.0208333333333	0.270833333333	0.59375
0.947916666667	0.0416666666667	0.0	0.0104166666667
>motif25
0.34375	0.479166666667	0.0	0.177083333333
0.0104166666667	0.84375	0.0104166666667	0.135416666667
0.0104166666667	0.541666666667	0.0104166666667	0.4375
0.28125	0.645833333333	0.0520833333333	0.0208333333333
0.375	0.354166666667	0.0520833333333	0.21875
0.958333333333	0.0416666666667	0.0	0.0
0.59375	0.197916666667	0.0	0.208333333333
0.90625	0.0	0.0520833333333	0.0416666666667
0.21875	0.0	0.0	0.78125
0.541666666667	0.0	0.0104166666667	0.447916666667
0.0	0.0416666666667	0.0	0.958333333333
0.3125	0.510416666667	0.0208333333333	0.15625
0.208333333333	0.40625	0.0833333333333	0.302083333333
0.208333333333	0.145833333333	0.0104166666667	0.635416666667
0.229166666667	0.510416666667	0.239583333333	0.0208333333333
0.989583333333	0.0	0.0	0.0104166666667
0.3125	0.260416666667	0.104166666667	0.322916666667
0.114583333333	0.0208333333333	0.0	0.864583333333
0.197916666667	0.53125	0.0208333333333	0.25
>motif26
0.833333333333	0.104166666667	0.0	0.0625
0.0	1.0	0.0	0.0
0.739583333333	0.0833333333333	0.0	0.177083333333
0.322916666667	0.395833333333	0.229166666667	0.0520833333333
0.416666666667	0.15625	0.03125	0.395833333333
0.15625	0.0416666666667	0.1875	0.614583333333
0.5	0.0	0.0416666666667	0.458333333333
0.28125	0.0625	0.604166666667	0.0520833333333
0.541666666667	0.0	0.447916666667	0.0104166666667
0.479166666667	0.239583333333	0.166666666667	0.114583333333
0.208333333333	0.229166666667	0.354166666667	0.208333333333
0.25	0.666666666667	0.0104166666667	0.0729166666667
0.0	0.0	0.0104166666667	0.989583333333
0.0104166666667	0.114583333333	0.40625	0.46875
0.46875	0.46875	0.0625	0.0
0.71875	0.28125	0.0	0.0
0.0	0.947916666667	0.0416666666667	0.0104166666667
0.65625	0.0208333333333	0.0	0.322916666667
0.572916666667	0.0625	0.354166666667	0.0104166666667
>motif27
0.0	0.6875	0.3125	0.0
0.0416666666667	0.1875	0.0104166666667	0.760416666667
0.0625	0.0	0.833333333333	0.104166666667
0.0833333333333	0.15625	0.697916666667	0.0625
0.0520833333333	0.333333333333	0.0729166666667	0.541666666667
0.0625	0.197916666667	0.03125	0.708333333333
0.0208333333333	0.479166666667	0.46875	0.03125
0.0	0.729166666667	0.03125	0.239583333333
0.260416666667	0.0	0.0	0.739583333333
0.0	0.114583333333	0.875	0.0104166666667
0.625	0.177083333333	0.166666666667	0.03125
0.572916666667	0.427083333333	0.0	0.0
0.5625	0.1875	0.125	0.125
0.09375	0.0729166666667	0.78125	0.0520833333333
0.125	0.572916666667	0.25	0.0520833333333
0.9375	0.0	0.0	0.0625
0.0	0.40625	0.5625	0.03125
0.333333333333	0.104166666667	0.385416666667	0.177083333333
0.03125	0.0729166666667	0.333333333333	0.5625
>motif28
0.291666666667	0.1875	0.3125	0.208333333333
0.65625	0.15625	0.114583333333	0.0729166666667
0.979166666667	0.0	0.0	0.0208333333333
0.09375	0.90625	0.0	0.0
0.96875	0.03125	0.0	0.0
0.802083333333	0.0416666666667	0.135416666667	0.0208333333333
0.333333333333	0.0	0.427083333333	0.239583333333
0.25	0.0104166666667	0.71875	0.0208333333333
0.166666666667	0.302083333333	0.53125	0.0
0.0729166666667	0.645833333333	0.177083333333	0.104166666667
0.0729166666667	0.260416666667	0.3125	0.354166666667
0.0416666666667	0.416666666667	0.125	0.416666666667
0.0208333333333	0.75	0.0	0.229166666667
0.364583333333	0.0104166666667	0.0208333333333	0.604166666667
0.0416666666667	0.0104166666667	0.0208333333333	0.927083333333
0.0	0.0	0.0	1.0
0.0729166666667	0.125	0.802083333333	0.0
0.104166666667	0.0	0.0	0.895833333333
0.0520833333333	0.21875	0.0416666666667	0.6875
>motif29
0.0104166666667	0.520833333333	0.46875	0.0
0.0416666666667	0.510416666667	0.1875	0.260416666667
0.0	0.645833333333	0.260416666667	0.09375
0.104166666667	0.0416666666667	0.03125	0.822916666667
0.0416666666667	0.166666666667	0.375	0.416666666667
0.0520833333333	0.197916666667	0.625	0.125
0.0	0.0	0.0	1.0
0.0	0.0	0.989583333333	0.0104166666667
0.1875	0.104166666667	0.03125	0.677083333333
0.197916666667	0.0520833333333	0.0208333333333	0.729166666667
0.0833333333333	0.104166666667	0.0208333333333	0.791666666667
0.145833333333	0.0833333333333	0.697916666667	0.0729166666667
0.0	0.833333333333	0.03125	0.135416666667
0.15625	0.21875	0.114583333333	0.510416666667
0.0208333333333	0.0104166666667	0.239583333333	0.729166666667
0.125	0.125	0.0208333333333	0.729166666667
0.0416666666667	0.177083333333	0.552083333333	0.229166666667
0.25	0.0625	0.59375	0.09375
0.25	0.0416666666667	0.604166666667	0.104166666667
