>motif0
0.0104166666667	0.15625	0.427083333333	0.40625
0.125	0.322916666667	0.34375	0.208333333333
0.0208333333333	0.0208333333333	0.0	0.958333333333
0.229166666667	0.0	0.489583333333	0.28125
0.5	0.114583333333	0.197916666667	0.1875
0.0208333333333	0.0104166666667	0.958333333333	0.0104166666667
0.0208333333333	0.395833333333	0.416666666667	0.166666666667
0.28125	0.458333333333	0.260416666667	0.0
0.541666666667	0.03125	0.385416666667	0.0416666666667
0.0104166666667	0.40625	0.0625	0.520833333333
0.458333333333	0.0	0.0729166666667	0.46875
0.15625	0.0104166666667	0.625	0.208333333333
0.0104166666667	0.09375	0.416666666667	0.479166666667
0.03125	0.0520833333333	0.71875	0.197916666667
0.166666666667	0.0520833333333	0.291666666667	0.489583333333
0.0625	0.0104166666667	0.916666666667	0.0104166666667
0.166666666667	0.21875	0.53125	0.0833333333333
0.677083333333	0.1875	0.0833333333333	0.0520833333333
0.197916666667	0.0520833333333	0.645833333333	0.104166666667
0.125	0.0520833333333	0.260416666667	0.5625
0.0416666666667	0.322916666667	0.197916666667	0.4375
0.177083333333	0.177083333333	0.3125	0.333333333333
0.0520833333333	0.364583333333	0.34375	0.239583333333
0.03125	0.1875	0.145833333333	0.635416666667
0.0729166666667	0.291666666667	0.604166666667	0.03125
0.34375	0.114583333333	0.46875	0.0729166666667
>motif1
0.395833333333	0.395833333333	0.177083333333	0.03125
0.333333333333	0.322916666667	0.0416666666667	0.302083333333
0.25	0.572916666667	0.0729166666667	0.104166666667
0.520833333333	0.135416666667	0.0416666666667	0.302083333333
0.708333333333	0.197916666667	0.0625	0.03125
0.427083333333	0.21875	0.229166666667	0.125
0.239583333333	0.0208333333333	0.0	0.739583333333
0.03125	0.895833333333	0.0520833333333	0.0208333333333
0.0	0.9375	0.0	0.0625
0.5	0.15625	0.03125	0.3125
0.03125	0.333333333333	0.46875	0.166666666667
0.416666666667	0.395833333333	0.145833333333	0.0416666666667
0.0208333333333	0.145833333333	0.291666666667	0.541666666667
0.135416666667	0.0729166666667	0.208333333333	0.583333333333
0.0729166666667	0.0625	0.114583333333	0.75
0.3125	0.34375	0.208333333333	0.135416666667
0.125	0.260416666667	0.583333333333	0.03125
0.197916666667	0.25	0.177083333333	0.375
0.0208333333333	0.75	0.21875	0.0104166666667
0.364583333333	0.0104166666667	0.145833333333	0.479166666667
0.0	0.104166666667	0.708333333333	0.1875
0.166666666667	0.0625	0.770833333333	0.0
0.0416666666667	0.125	0.833333333333	0.0
0.28125	0.40625	0.0520833333333	0.260416666667
0.364583333333	0.302083333333	0.145833333333	0.1875
0.09375	0.552083333333	0.0729166666667	0.28125
>motif2
0.229166666667	0.09375	0.270833333333	0.40625
0.322916666667	0.104166666667	0.572916666667	0.0
0.0625	0.0	0.8125	0.125
0.489583333333	0.0104166666667	0.479166666667	0.0208333333333
0.864583333333	0.0	0.0104166666667	0.125
0.0416666666667	0.0	0.729166666667	0.229166666667
0.104166666667	0.0416666666667	0.416666666667	0.4375
0.395833333333	0.0	0.0208333333333	0.583333333333
0.333333333333	0.0	0.552083333333	0.114583333333
0.114583333333	0.0	0.677083333333	0.208333333333
0.614583333333	0.0104166666667	0.25	0.125
0.208333333333	0.09375	0.65625	0.0416666666667
0.177083333333	0.302083333333	0.125	0.395833333333
0.510416666667	0.15625	0.104166666667	0.229166666667
0.197916666667	0.0	0.625	0.177083333333
0.0729166666667	0.0104166666667	0.875	0.0416666666667
0.0208333333333	0.427083333333	0.4375	0.114583333333
0.489583333333	0.40625	0.0520833333333	0.0520833333333
0.708333333333	0.0208333333333	0.104166666667	0.166666666667
0.447916666667	0.0729166666667	0.416666666667	0.0625
0.03125	0.0104166666667	0.802083333333	0.15625
0.708333333333	0.03125	0.260416666667	0.0
0.34375	0.0520833333333	0.59375	0.0104166666667
0.833333333333	0.0416666666667	0.0104166666667	0.114583333333
0.21875	0.166666666667	0.239583333333	0.375
0.15625	0.40625	0.239583333333	0.197916666667
>motif3
0.0520833333333	0.489583333333	0.03125	0.427083333333
0.302083333333	0.3125	0.3125	0.0729166666667
0.333333333333	0.177083333333	0.270833333333	0.21875
0.416666666667	0.34375	0.197916666667	0.0416666666667
0.09375	0.177083333333	0.0	0.729166666667
0.291666666667	0.0104166666667	0.4375	0.260416666667
0.208333333333	0.458333333333	0.21875	0.114583333333
0.0	0.635416666667	0.197916666667	0.166666666667
0.0104166666667	0.03125	0.03125	0.927083333333
0.53125	0.354166666667	0.0416666666667	0.0729166666667
0.333333333333	0.135416666667	0.354166666667	0.177083333333
0.25	0.40625	0.0416666666667	0.302083333333
0.0	0.0	0.0104166666667	0.989583333333
0.09375	0.270833333333	0.21875	0.416666666667
0.572916666667	0.0520833333333	0.270833333333	0.104166666667
0.0729166666667	0.572916666667	0.25	0.104166666667
0.0208333333333	0.302083333333	0.114583333333	0.5625
0.666666666667	0.270833333333	0.0625	0.0
0.229166666667	0.0208333333333	0.375	0.375
0.28125	0.375	0.0833333333333	0.260416666667
0.0	0.677083333333	0.0833333333333	0.239583333333
0.6875	0.0625	0.229166666667	0.0208333333333
0.135416666667	0.0104166666667	0.114583333333	0.739583333333
0.03125	0.197916666667	0.385416666667	0.385416666667
0.0104166666667	0.0208333333333	0.0	0.96875
0.260416666667	0.0833333333333	0.34375	0.3125
>motif4
0.479166666667	0.28125	0.0104166666667	0.229166666667
0.5625	0.364583333333	0.0104166666667	0.0625
0.0104166666667	0.552083333333	0.03125	0.40625
0.15625	0.802083333333	0.0416666666667	0.0
0.604166666667	0.34375	0.0104166666667	0.0416666666667
0.114583333333	0.46875	0.0416666666667	0.375
0.0	0.958333333333	0.0104166666667	0.03125
0.145833333333	0.53125	0.0625	0.260416666667
0.135416666667	0.697916666667	0.0208333333333	0.145833333333
0.375	0.510416666667	0.0	0.114583333333
0.0208333333333	0.760416666667	0.125	0.09375
0.6875	0.302083333333	0.0	0.0104166666667
0.46875	0.416666666667	0.0833333333333	0.03125
0.5625	0.09375	0.0833333333333	0.260416666667
0.15625	0.25	0.0104166666667	0.583333333333
0.583333333333	0.0416666666667	0.0	0.375
0.145833333333	0.0833333333333	0.0104166666667	0.760416666667
0.625	0.0	0.3125	0.0625
0.375	0.322916666667	0.135416666667	0.166666666667
0.333333333333	0.427083333333	0.0729166666667	0.166666666667
0.114583333333	0.479166666667	0.125	0.28125
0.197916666667	0.0104166666667	0.135416666667	0.65625
0.0729166666667	0.802083333333	0.0	0.125
0.447916666667	0.114583333333	0.0625	0.375
0.15625	0.635416666667	0.166666666667	0.0416666666667
0.3125	0.125	0.208333333333	0.354166666667
>motif5
0.302083333333	0.0416666666667	0.645833333333	0.0104166666667
0.104166666667	0.885416666667	0.0	0.0
0.177083333333	0.604166666667	0.0104166666667	0.197916666667
0.0729166666667	0.229166666667	0.302083333333	0.385416666667
0.291666666667	0.3125	0.385416666667	0.0
0.447916666667	0.0833333333333	0.0729166666667	0.385416666667
0.125	0.25	0.354166666667	0.260416666667
0.0833333333333	0.0104166666667	0.53125	0.364583333333
0.208333333333	0.53125	0.0729166666667	0.177083333333
0.0625	0.65625	0.0416666666667	0.229166666667
0.0104166666667	0.0416666666667	0.0	0.9375
0.0	0.458333333333	0.427083333333	0.104166666667
0.520833333333	0.03125	0.208333333333	0.229166666667
0.125	0.208333333333	0.4375	0.21875
0.0208333333333	0.645833333333	0.239583333333	0.0833333333333
0.697916666667	0.0416666666667	0.0520833333333	0.197916666667
0.09375	0.21875	0.395833333333	0.28125
0.104166666667	0.583333333333	0.0416666666667	0.260416666667
0.177083333333	0.552083333333	0.145833333333	0.114583333333
0.0104166666667	0.739583333333	0.0208333333333	0.21875
0.09375	0.0416666666667	0.145833333333	0.708333333333
0.03125	0.427083333333	0.46875	0.0625
0.541666666667	0.375	0.0208333333333	0.0520833333333
0.0	0.0	0.125	0.864583333333
0.0104166666667	0.104166666667	0.0729166666667	0.802083333333
0.322916666667	0.229166666667	0.197916666667	0.239583333333
>motif6
0.447916666667	0.0729166666667	0.4375	0.0416666666667
0.0625	0.0625	0.677083333333	0.197916666667
0.666666666667	0.0729166666667	0.145833333333	0.114583333333
0.260416666667	0.3125	0.166666666667	0.260416666667
0.427083333333	0.0	0.0625	0.510416666667
0.458333333333	0.385416666667	0.09375	0.0625
0.0625	0.270833333333	0.427083333333	0.239583333333
0.364583333333	0.395833333333	0.104166666667	0.135416666667
0.125	0.104166666667	0.0	0.770833333333
0.0	0.614583333333	0.15625	0.229166666667
0.28125	0.28125	0.395833333333	0.0416666666667
0.0520833333333	0.833333333333	0.03125	0.0833333333333
0.0208333333333	0.864583333333	0.0416666666667	0.0729166666667
0.666666666667	0.0	0.166666666667	0.166666666667
0.0729166666667	0.447916666667	0.458333333333	0.0208333333333
0.0520833333333	0.25	0.6875	0.0104166666667
0.15625	0.34375	0.4375	0.0625
0.125	0.40625	0.0625	0.40625
0.0	0.614583333333	0.0104166666667	0.375
0.114583333333	0.5625	0.104166666667	0.21875
0.03125	0.791666666667	0.135416666667	0.0416666666667
0.1875	0.364583333333	0.0	0.447916666667
0.0208333333333	0.479166666667	0.104166666667	0.395833333333
0.166666666667	0.364583333333	0.0625	0.40625
0.0729166666667	0.0104166666667	0.458333333333	0.458333333333
0.197916666667	0.09375	0.677083333333	0.03125
>motif7
0.333333333333	0.03125	0.229166666667	0.40625
0.59375	0.0416666666667	0.197916666667	0.166666666667
0.354166666667	0.229166666667	0.333333333333	0.0833333333333
0.416666666667	0.15625	0.09375	0.333333333333
0.270833333333	0.0833333333333	0.364583333333	0.28125
0.3125	0.135416666667	0.375	0.177083333333
0.166666666667	0.197916666667	0.5	0.135416666667
0.5625	0.28125	0.114583333333	0.0416666666667
0.322916666667	0.0208333333333	0.0625	0.59375
0.270833333333	0.0416666666667	0.520833333333	0.166666666667
0.416666666667	0.375	0.145833333333	0.0625
0.114583333333	0.427083333333	0.239583333333	0.21875
0.0833333333333	0.3125	0.197916666667	0.40625
0.666666666667	0.166666666667	0.0833333333333	0.0833333333333
0.395833333333	0.104166666667	0.458333333333	0.0416666666667
0.125	0.0833333333333	0.5	0.291666666667
0.229166666667	0.03125	0.5	0.239583333333
0.84375	0.0416666666667	0.114583333333	0.0
0.25	0.15625	0.572916666667	0.0208333333333
0.0	0.0	0.0625	0.9375
0.03125	0.0208333333333	0.916666666667	0.03125
1.0	0.0	0.0	0.0
0.0104166666667	0.364583333333	0.614583333333	0.0104166666667
0.03125	0.0104166666667	0.0	0.958333333333
0.28125	0.666666666667	0.0416666666667	0.0104166666667
0.927083333333	0.0625	0.0104166666667	0.0
>motif8
0.270833333333	0.333333333333	0.114583333333	0.28125
0.34375	0.239583333333	0.114583333333	0.302083333333
0.197916666667	0.197916666667	0.333333333333	0.270833333333
0.239583333333	0.322916666667	0.302083333333	0.135416666667
0.3125	0.145833333333	0.395833333333	0.145833333333
0.177083333333	0.197916666667	0.375	0.25
0.145833333333	0.0625	0.59375	0.197916666667
0.572916666667	0.145833333333	0.28125	0.0
0.0	0.0	0.0	1.0
0.0	0.0	1.0	0.0
1.0	0.0	0.0	0.0
0.0	0.552083333333	0.447916666667	0.0
0.0	0.0	0.0	1.0
0.0	1.0	0.0	0.0
1.0	0.0	0.0	0.0
0.0	0.34375	0.25	0.40625
0.197916666667	0.489583333333	0.270833333333	0.0416666666667
0.208333333333	0.458333333333	0.28125	0.0520833333333
0.177083333333	0.364583333333	0.135416666667	0.322916666667
0.239583333333	0.135416666667	0.229166666667	0.395833333333
0.260416666667	0.125	0.3125	0.302083333333
0.697916666667	0.03125	0.104166666667	0.166666666667
0.125	0.0833333333333	0.645833333333	0.145833333333
0.15625	0.25	0.260416666667	0.333333333333
0.322916666667	0.354166666667	0.0104166666667	0.3125
0.510416666667	0.166666666667	0.0625	0.260416666667
>motif9
0.34375	0.0	0.65625	0.0
0.0	0.0416666666667	0.947916666667	0.0104166666667
0.0	0.239583333333	0.260416666667	0.5
0.0729166666667	0.0416666666667	0.291666666667	0.59375
0.0625	0.0416666666667	0.0	0.895833333333
0.208333333333	0.270833333333	0.302083333333	0.21875
0.197916666667	0.21875	0.229166666667	0.354166666667
0.416666666667	0.166666666667	0.104166666667	0.3125
0.427083333333	0.260416666667	0.302083333333	0.0104166666667
0.625	0.197916666667	0.0208333333333	0.15625
0.395833333333	0.385416666667	0.0833333333333	0.135416666667
0.114583333333	0.625	0.260416666667	0.0
0.635416666667	0.114583333333	0.03125	0.21875
0.0520833333333	0.520833333333	0.3125	0.114583333333
0.0833333333333	0.395833333333	0.25	0.270833333333
0.5	0.03125	0.104166666667	0.364583333333
0.354166666667	0.197916666667	0.25	0.197916666667
0.0729166666667	0.104166666667	0.239583333333	0.583333333333
0.0208333333333	0.552083333333	0.239583333333	0.1875
0.260416666667	0.635416666667	0.0729166666667	0.03125
0.125	0.15625	0.0520833333333	0.666666666667
0.354166666667	0.0104166666667	0.614583333333	0.0208333333333
0.0520833333333	0.0208333333333	0.90625	0.0208333333333
0.104166666667	0.03125	0.822916666667	0.0416666666667
0.166666666667	0.385416666667	0.0520833333333	0.395833333333
0.135416666667	0.520833333333	0.239583333333	0.104166666667
>motif10
0.1875	0.40625	0.395833333333	0.0104166666667
0.770833333333	0.0520833333333	0.0625	0.114583333333
0.114583333333	0.364583333333	0.239583333333	0.28125
0.145833333333	0.65625	0.1875	0.0104166666667
0.84375	0.125	0.0104166666667	0.0208333333333
0.447916666667	0.0833333333333	0.322916666667	0.145833333333
0.5	0.260416666667	0.0416666666667	0.197916666667
0.28125	0.0416666666667	0.53125	0.145833333333
0.0208333333333	0.65625	0.260416666667	0.0625
0.385416666667	0.0729166666667	0.0208333333333	0.520833333333
0.260416666667	0.0520833333333	0.59375	0.09375
0.0625	0.3125	0.614583333333	0.0104166666667
0.0729166666667	0.46875	0.302083333333	0.15625
0.208333333333	0.0208333333333	0.0104166666667	0.760416666667
0.15625	0.0104166666667	0.583333333333	0.25
0.479166666667	0.0208333333333	0.135416666667	0.364583333333
0.322916666667	0.0416666666667	0.5625	0.0729166666667
0.177083333333	0.239583333333	0.333333333333	0.25
0.427083333333	0.114583333333	0.0729166666667	0.385416666667
0.03125	0.875	0.0625	0.03125
0.5625	0.0625	0.03125	0.34375
0.21875	0.03125	0.6875	0.0625
0.8125	0.0729166666667	0.0520833333333	0.0625
0.177083333333	0.0416666666667	0.479166666667	0.302083333333
0.0416666666667	0.197916666667	0.0	0.760416666667
0.0	0.09375	0.0416666666667	0.864583333333
>motif11
0.677083333333	0.03125	0.0520833333333	0.239583333333
0.239583333333	0.0208333333333	0.635416666667	0.104166666667
0.229166666667	0.354166666667	0.34375	0.0729166666667
0.21875	0.322916666667	0.177083333333	0.28125
0.25	0.0	0.0104166666667	0.739583333333
0.0416666666667	0.0104166666667	0.84375	0.104166666667
0.822916666667	0.104166666667	0.0729166666667	0.0
0.0416666666667	0.21875	0.625	0.114583333333
0.0416666666667	0.09375	0.104166666667	0.760416666667
0.114583333333	0.541666666667	0.145833333333	0.197916666667
0.71875	0.25	0.03125	0.0
0.177083333333	0.260416666667	0.135416666667	0.427083333333
0.0208333333333	0.0208333333333	0.75	0.208333333333
0.260416666667	0.291666666667	0.34375	0.104166666667
0.09375	0.25	0.0833333333333	0.572916666667
0.3125	0.135416666667	0.416666666667	0.135416666667
0.541666666667	0.28125	0.0520833333333	0.125
0.0104166666667	0.239583333333	0.34375	0.40625
0.0625	0.0104166666667	0.229166666667	0.697916666667
0.135416666667	0.09375	0.5	0.270833333333
0.65625	0.125	0.0625	0.15625
0.09375	0.291666666667	0.395833333333	0.21875
0.135416666667	0.28125	0.552083333333	0.03125
0.6875	0.0	0.25	0.0625
0.0729166666667	0.166666666667	0.697916666667	0.0625
0.09375	0.864583333333	0.03125	0.0104166666667
>motif12
0.0416666666667	0.375	0.395833333333	0.1875
0.395833333333	0.09375	0.479166666667	0.03125
0.802083333333	0.0104166666667	0.15625	0.03125
0.833333333333	0.0	0.0625	0.104166666667
0.0416666666667	0.15625	0.479166666667	0.322916666667
0.0104166666667	0.0	0.166666666667	0.822916666667
0.0625	0.09375	0.03125	0.8125
0.0104166666667	0.0520833333333	0.0104166666667	0.927083333333
0.0416666666667	0.541666666667	0.0729166666667	0.34375
0.114583333333	0.479166666667	0.03125	0.375
0.333333333333	0.260416666667	0.239583333333	0.166666666667
0.458333333333	0.239583333333	0.291666666667	0.0104166666667
0.770833333333	0.0520833333333	0.166666666667	0.0104166666667
0.427083333333	0.239583333333	0.0520833333333	0.28125
0.0416666666667	0.104166666667	0.427083333333	0.427083333333
0.0833333333333	0.09375	0.53125	0.291666666667
0.53125	0.0104166666667	0.416666666667	0.0416666666667
0.291666666667	0.104166666667	0.46875	0.135416666667
0.03125	0.166666666667	0.270833333333	0.53125
0.0	0.354166666667	0.03125	0.614583333333
0.28125	0.15625	0.135416666667	0.427083333333
0.34375	0.0625	0.4375	0.15625
0.09375	0.104166666667	0.552083333333	0.25
0.0416666666667	0.208333333333	0.0833333333333	0.666666666667
0.0	0.572916666667	0.166666666667	0.260416666667
0.0104166666667	0.53125	0.0625	0.395833333333
>motif13
0.0416666666667	0.375	0.46875	0.114583333333
0.0208333333333	0.84375	0.0208333333333	0.114583333333
0.0625	0.40625	0.239583333333	0.291666666667
0.625	0.03125	0.333333333333	0.0104166666667
0.739583333333	0.03125	0.0729166666667	0.15625
0.0	0.0625	0.854166666667	0.0833333333333
0.125	0.635416666667	0.03125	0.208333333333
0.395833333333	0.583333333333	0.0	0.0208333333333
0.645833333333	0.0833333333333	0.09375	0.177083333333
0.354166666667	0.104166666667	0.0208333333333	0.520833333333
0.208333333333	0.114583333333	0.197916666667	0.479166666667
0.21875	0.447916666667	0.0104166666667	0.322916666667
0.145833333333	0.0625	0.0104166666667	0.78125
0.322916666667	0.4375	0.197916666667	0.0416666666667
0.0208333333333	0.572916666667	0.270833333333	0.135416666667
0.3125	0.177083333333	0.208333333333	0.302083333333
0.166666666667	0.770833333333	0.0520833333333	0.0104166666667
0.666666666667	0.177083333333	0.0520833333333	0.104166666667
0.15625	0.333333333333	0.4375	0.0729166666667
0.0416666666667	0.291666666667	0.625	0.0416666666667
0.572916666667	0.208333333333	0.145833333333	0.0729166666667
0.1875	0.322916666667	0.208333333333	0.28125
0.25	0.104166666667	0.114583333333	0.53125
0.0625	0.645833333333	0.229166666667	0.0625
0.53125	0.239583333333	0.09375	0.135416666667
0.53125	0.0729166666667	0.385416666667	0.0104166666667
>motif14
0.0833333333333	0.583333333333	0.0	0.333333333333
0.677083333333	0.135416666667	0.0729166666667	0.114583333333
0.0208333333333	0.145833333333	0.510416666667	0.322916666667
0.104166666667	0.385416666667	0.510416666667	0.0
0.239583333333	0.760416666667	0.0	0.0
0.0833333333333	0.145833333333	0.0	0.770833333333
0.354166666667	0.0208333333333	0.541666666667	0.0833333333333
0.0	0.15625	0.78125	0.0625
0.697916666667	0.125	0.0	0.177083333333
0.0104166666667	0.0625	0.614583333333	0.3125
0.0	0.125	0.0833333333333	0.791666666667
0.354166666667	0.0104166666667	0.572916666667	0.0625
0.0	0.697916666667	0.28125	0.0208333333333
0.802083333333	0.0	0.0104166666667	0.1875
0.15625	0.0625	0.78125	0.0
0.458333333333	0.0	0.0	0.541666666667
0.104166666667	0.104166666667	0.78125	0.0104166666667
0.0208333333333	0.0520833333333	0.59375	0.333333333333
0.197916666667	0.71875	0.0520833333333	0.03125
0.9375	0.0	0.03125	0.03125
0.0104166666667	0.229166666667	0.0	0.760416666667
0.354166666667	0.0208333333333	0.354166666667	0.270833333333
0.760416666667	0.0625	0.0208333333333	0.15625
0.0	0.125	0.03125	0.84375
0.0833333333333	0.697916666667	0.0104166666667	0.208333333333
0.0208333333333	0.0833333333333	0.0	0.895833333333
>motif15
0.1875	0.0520833333333	0.395833333333	0.364583333333
0.270833333333	0.3125	0.03125	0.385416666667
0.21875	0.552083333333	0.0	0.229166666667
0.322916666667	0.21875	0.0625	0.395833333333
0.5	0.0104166666667	0.0	0.489583333333
0.125	0.0104166666667	0.760416666667	0.104166666667
0.0208333333333	0.0729166666667	0.677083333333	0.229166666667
0.104166666667	0.0208333333333	0.15625	0.71875
0.166666666667	0.0208333333333	0.510416666667	0.302083333333
0.0625	0.25	0.104166666667	0.583333333333
0.239583333333	0.1875	0.3125	0.260416666667
0.34375	0.197916666667	0.15625	0.302083333333
0.0625	0.71875	0.125	0.09375
0.739583333333	0.0208333333333	0.0520833333333	0.1875
0.0104166666667	0.208333333333	0.1875	0.59375
0.510416666667	0.4375	0.03125	0.0208333333333
0.46875	0.03125	0.145833333333	0.354166666667
0.166666666667	0.114583333333	0.520833333333	0.197916666667
0.260416666667	0.260416666667	0.135416666667	0.34375
0.0	0.333333333333	0.635416666667	0.03125
0.0729166666667	0.739583333333	0.0208333333333	0.166666666667
0.364583333333	0.541666666667	0.0208333333333	0.0729166666667
0.541666666667	0.15625	0.302083333333	0.0
0.0	0.03125	0.916666666667	0.0520833333333
0.09375	0.166666666667	0.520833333333	0.21875
0.0416666666667	0.0520833333333	0.0729166666667	0.833333333333
>motif16
0.0416666666667	0.8125	0.09375	0.0520833333333
0.427083333333	0.0104166666667	0.385416666667	0.177083333333
0.0625	0.0208333333333	0.697916666667	0.21875
0.0208333333333	0.0520833333333	0.916666666667	0.0104166666667
0.541666666667	0.0208333333333	0.34375	0.09375
0.520833333333	0.270833333333	0.0104166666667	0.197916666667
0.364583333333	0.375	0.0416666666667	0.21875
0.0	0.291666666667	0.125	0.583333333333
0.114583333333	0.46875	0.125	0.291666666667
0.479166666667	0.145833333333	0.34375	0.03125
0.0208333333333	0.0729166666667	0.854166666667	0.0520833333333
0.0	0.5	0.166666666667	0.333333333333
0.135416666667	0.09375	0.03125	0.739583333333
0.208333333333	0.166666666667	0.239583333333	0.385416666667
0.604166666667	0.177083333333	0.197916666667	0.0208333333333
0.177083333333	0.666666666667	0.15625	0.0
0.0520833333333	0.25	0.385416666667	0.3125
0.34375	0.177083333333	0.0729166666667	0.40625
0.197916666667	0.0104166666667	0.260416666667	0.53125
0.0	0.135416666667	0.135416666667	0.729166666667
0.697916666667	0.145833333333	0.0	0.15625
0.0625	0.34375	0.21875	0.375
0.28125	0.3125	0.177083333333	0.229166666667
0.104166666667	0.46875	0.291666666667	0.135416666667
0.375	0.0104166666667	0.375	0.239583333333
0.114583333333	0.0104166666667	0.5	0.375
>motif17
0.197916666667	0.354166666667	0.3125	0.135416666667
0.0520833333333	0.0729166666667	0.666666666667	0.208333333333
0.177083333333	0.291666666667	0.416666666667	0.114583333333
0.0	0.229166666667	0.0	0.770833333333
0.21875	0.0208333333333	0.635416666667	0.125
0.0	0.0104166666667	0.822916666667	0.166666666667
0.270833333333	0.604166666667	0.0520833333333	0.0729166666667
0.5	0.125	0.177083333333	0.197916666667
0.291666666667	0.1875	0.333333333333	0.1875
0.0625	0.15625	0.15625	0.625
0.09375	0.583333333333	0.135416666667	0.1875
0.15625	0.65625	0.0208333333333	0.166666666667
0.5625	0.385416666667	0.0	0.0520833333333
0.0104166666667	0.177083333333	0.0104166666667	0.802083333333
0.375	0.125	0.46875	0.03125
0.375	0.28125	0.270833333333	0.0729166666667
0.552083333333	0.104166666667	0.0208333333333	0.322916666667
0.0104166666667	0.0	0.239583333333	0.75
0.0833333333333	0.166666666667	0.0104166666667	0.739583333333
0.6875	0.0520833333333	0.145833333333	0.114583333333
0.177083333333	0.760416666667	0.0625	0.0
0.34375	0.15625	0.208333333333	0.291666666667
0.0	0.09375	0.708333333333	0.197916666667
0.270833333333	0.40625	0.1875	0.135416666667
0.5	0.270833333333	0.0104166666667	0.21875
0.25	0.166666666667	0.34375	0.239583333333
>motif18
0.625	0.0729166666667	0.197916666667	0.104166666667
0.34375	0.0	0.65625	0.0
0.385416666667	0.09375	0.0625	0.458333333333
0.604166666667	0.0104166666667	0.15625	0.229166666667
0.3125	0.0104166666667	0.645833333333	0.03125
0.125	0.104166666667	0.239583333333	0.53125
0.197916666667	0.15625	0.354166666667	0.291666666667
0.1875	0.0625	0.03125	0.71875
0.114583333333	0.0	0.84375	0.0416666666667
0.708333333333	0.0	0.260416666667	0.03125
0.489583333333	0.0208333333333	0.40625	0.0833333333333
0.239583333333	0.239583333333	0.416666666667	0.104166666667
0.28125	0.0729166666667	0.0416666666667	0.604166666667
0.145833333333	0.208333333333	0.270833333333	0.375
0.0520833333333	0.03125	0.78125	0.135416666667
0.104166666667	0.0104166666667	0.625	0.260416666667
0.03125	0.291666666667	0.5625	0.114583333333
0.270833333333	0.0729166666667	0.40625	0.25
0.03125	0.53125	0.364583333333	0.0729166666667
0.9375	0.0416666666667	0.0	0.0208333333333
0.458333333333	0.416666666667	0.0729166666667	0.0520833333333
0.28125	0.0104166666667	0.260416666667	0.447916666667
0.114583333333	0.0833333333333	0.59375	0.208333333333
0.666666666667	0.0208333333333	0.28125	0.03125
0.166666666667	0.0416666666667	0.71875	0.0729166666667
0.947916666667	0.0	0.0520833333333	0.0
>motif19
0.604166666667	0.0	0.125	0.270833333333
0.104166666667	0.15625	0.65625	0.0833333333333
0.458333333333	0.0	0.385416666667	0.15625
0.739583333333	0.0208333333333	0.0520833333333	0.1875
0.739583333333	0.09375	0.166666666667	0.0
0.0208333333333	0.0729166666667	0.0208333333333	0.885416666667
0.302083333333	0.635416666667	0.0104166666667	0.0520833333333
0.21875	0.729166666667	0.0208333333333	0.03125
0.333333333333	0.322916666667	0.0833333333333	0.260416666667
0.614583333333	0.0625	0.229166666667	0.09375
0.71875	0.0416666666667	0.229166666667	0.0104166666667
0.885416666667	0.104166666667	0.0104166666667	0.0
0.895833333333	0.0520833333333	0.0104166666667	0.0416666666667
0.739583333333	0.03125	0.0625	0.166666666667
0.0833333333333	0.03125	0.0104166666667	0.875
0.145833333333	0.03125	0.21875	0.604166666667
0.385416666667	0.197916666667	0.1875	0.229166666667
0.0	0.270833333333	0.65625	0.0729166666667
0.114583333333	0.447916666667	0.177083333333	0.260416666667
0.104166666667	0.479166666667	0.239583333333	0.177083333333
0.71875	0.0	0.208333333333	0.0729166666667
0.0729166666667	0.0729166666667	0.697916666667	0.15625
0.5	0.0	0.46875	0.03125
0.291666666667	0.1875	0.34375	0.177083333333
0.375	0.09375	0.166666666667	0.364583333333
0.229166666667	0.322916666667	0.3125	0.135416666667
>motif20
0.489583333333	0.291666666667	0.03125	0.1875
0.0520833333333	0.0	0.145833333333	0.802083333333
0.0833333333333	0.8125	0.0833333333333	0.0208333333333
0.375	0.25	0.0208333333333	0.354166666667
0.0625	0.229166666667	0.583333333333	0.125
0.0	0.489583333333	0.208333333333	0.302083333333
0.822916666667	0.0208333333333	0.0729166666667	0.0833333333333
0.0416666666667	0.0104166666667	0.104166666667	0.84375
0.0729166666667	0.458333333333	0.0208333333333	0.447916666667
0.0208333333333	0.260416666667	0.21875	0.5
0.09375	0.6875	0.0	0.21875
0.145833333333	0.541666666667	0.3125	0.0
0.15625	0.739583333333	0.09375	0.0104166666667
0.0729166666667	0.4375	0.0520833333333	0.4375
0.270833333333	0.302083333333	0.135416666667	0.291666666667
0.229166666667	0.0729166666667	0.364583333333	0.333333333333
0.0	0.635416666667	0.208333333333	0.15625
0.302083333333	0.239583333333	0.364583333333	0.09375
0.0520833333333	0.0	0.0208333333333	0.927083333333
0.145833333333	0.479166666667	0.197916666667	0.177083333333
0.0	0.53125	0.114583333333	0.354166666667
0.125	0.5625	0.0208333333333	0.291666666667
0.135416666667	0.552083333333	0.0208333333333	0.291666666667
0.09375	0.583333333333	0.291666666667	0.03125
0.291666666667	0.416666666667	0.0	0.291666666667
0.4375	0.114583333333	0.145833333333	0.302083333333
>motif21
0.0	0.510416666667	0.25	0.239583333333
0.385416666667	0.0625	0.0	0.552083333333
0.1875	0.447916666667	0.0	0.364583333333
0.0208333333333	0.25	0.0833333333333	0.645833333333
0.0	0.0	0.0	1.0
0.0104166666667	0.4375	0.510416666667	0.0416666666667
0.0104166666667	0.489583333333	0.447916666667	0.0520833333333
0.145833333333	0.270833333333	0.0208333333333	0.5625
0.0520833333333	0.416666666667	0.135416666667	0.395833333333
0.302083333333	0.0833333333333	0.375	0.239583333333
0.385416666667	0.260416666667	0.260416666667	0.09375
0.197916666667	0.114583333333	0.0520833333333	0.635416666667
0.145833333333	0.635416666667	0.03125	0.1875
0.09375	0.21875	0.0520833333333	0.635416666667
0.135416666667	0.0104166666667	0.229166666667	0.625
0.135416666667	0.0625	0.0625	0.739583333333
0.1875	0.34375	0.260416666667	0.208333333333
0.239583333333	0.614583333333	0.03125	0.114583333333
0.59375	0.260416666667	0.0729166666667	0.0729166666667
0.177083333333	0.0416666666667	0.03125	0.75
0.0416666666667	0.916666666667	0.0104166666667	0.03125
0.104166666667	0.729166666667	0.0416666666667	0.125
0.75	0.125	0.0625	0.0625
0.0208333333333	0.177083333333	0.354166666667	0.447916666667
0.28125	0.28125	0.0104166666667	0.427083333333
0.21875	0.364583333333	0.0416666666667	0.375
>motif22
0.260416666667	0.0729166666667	0.197916666667	0.46875
0.0729166666667	0.5	0.40625	0.0208333333333
0.583333333333	0.208333333333	0.208333333333	0.0
0.677083333333	0.0	0.291666666667	0.03125
0.15625	0.239583333333	0.28125	0.322916666667
0.302083333333	0.1875	0.229166666667	0.28125
0.135416666667	0.145833333333	0.510416666667	0.208333333333
0.0729166666667	0.145833333333	0.53125	0.25
0.489583333333	0.145833333333	0.03125	0.333333333333
0.0520833333333	0.416666666667	0.416666666667	0.114583333333
0.541666666667	0.0520833333333	0.0833333333333	0.322916666667
0.0	0.114583333333	0.854166666667	0.03125
0.104166666667	0.260416666667	0.510416666667	0.125
0.104166666667	0.0	0.739583333333	0.15625
0.364583333333	0.354166666667	0.145833333333	0.135416666667
0.53125	0.145833333333	0.145833333333	0.177083333333
0.0208333333333	0.125	0.65625	0.197916666667
0.145833333333	0.802083333333	0.0416666666667	0.0104166666667
0.0416666666667	0.114583333333	0.197916666667	0.645833333333
0.125	0.0208333333333	0.854166666667	0.0
0.0	0.239583333333	0.760416666667	0.0
0.145833333333	0.447916666667	0.364583333333	0.0416666666667
0.291666666667	0.385416666667	0.302083333333	0.0208333333333
0.916666666667	0.0416666666667	0.0104166666667	0.03125
0.03125	0.0	0.958333333333	0.0104166666667
0.135416666667	0.21875	0.635416666667	0.0104166666667
>motif23
0.489583333333	0.15625	0.197916666667	0.15625
0.5	0.0729166666667	0.114583333333	0.3125
0.239583333333	0.0	0.0625	0.697916666667
0.177083333333	0.0833333333333	0.0520833333333	0.6875
0.260416666667	0.0833333333333	0.0729166666667	0.583333333333
0.0729166666667	0.0	0.0104166666667	0.916666666667
0.177083333333	0.0104166666667	0.65625	0.15625
0.166666666667	0.09375	0.625	0.114583333333
0.322916666667	0.333333333333	0.3125	0.03125
0.0208333333333	0.0208333333333	0.104166666667	0.854166666667
0.364583333333	0.322916666667	0.114583333333	0.197916666667
0.635416666667	0.0520833333333	0.0208333333333	0.291666666667
0.5625	0.1875	0.0416666666667	0.208333333333
0.416666666667	0.291666666667	0.0416666666667	0.25
0.197916666667	0.59375	0.0	0.208333333333
0.78125	0.0208333333333	0.0	0.197916666667
0.427083333333	0.25	0.104166666667	0.21875
0.239583333333	0.447916666667	0.0208333333333	0.291666666667
0.0416666666667	0.1875	0.0	0.770833333333
0.458333333333	0.09375	0.0	0.447916666667
0.354166666667	0.239583333333	0.395833333333	0.0104166666667
0.0	0.0520833333333	0.0104166666667	0.9375
0.489583333333	0.21875	0.145833333333	0.145833333333
0.875	0.0	0.0416666666667	0.0833333333333
0.104166666667	0.0729166666667	0.03125	0.791666666667
0.239583333333	0.03125	0.0416666666667	0.6875
>motif24
0.135416666667	0.0104166666667	0.729166666667	0.125
0.0416666666667	0.916666666667	0.03125	0.0104166666667
0.364583333333	0.302083333333	0.0104166666667	0.322916666667
0.135416666667	0.0	0.427083333333	0.4375
0.0	0.3125	0.395833333333	0.291666666667
0.572916666667	0.0625	0.270833333333	0.09375
0.333333333333	0.3125	0.333333333333	0.0208333333333
0.260416666667	0.34375	0.09375	0.302083333333
0.34375	0.0416666666667	0.15625	0.458333333333
0.0729166666667	0.0729166666667	0.479166666667	0.375
0.0104166666667	0.84375	0.135416666667	0.0104166666667
0.46875	0.302083333333	0.0208333333333	0.208333333333
0.552083333333	0.0208333333333	0.25	0.177083333333
0.3125	0.385416666667	0.21875	0.0833333333333
0.572916666667	0.354166666667	0.03125	0.0416666666667
0.0729166666667	0.0	0.0416666666667	0.885416666667
0.104166666667	0.0	0.177083333333	0.71875
0.0104166666667	0.0729166666667	0.0208333333333	0.895833333333
0.0520833333333	0.09375	0.46875	0.385416666667
0.1875	0.0104166666667	0.5625	0.239583333333
0.09375	0.114583333333	0.5	0.291666666667
0.385416666667	0.322916666667	0.0520833333333	0.239583333333
0.71875	0.03125	0.03125	0.21875
0.583333333333	0.145833333333	0.0208333333333	0.25
0.0208333333333	0.729166666667	0.125	0.125
0.5	0.25	0.197916666667	0.0520833333333
>motif25
0.520833333333	0.15625	0.0104166666667	0.3125
0.614583333333	0.145833333333	0.0520833333333	0.1875
0.09375	0.0729166666667	0.0520833333333	0.78125
0.5625	0.177083333333	0.197916666667	0.0625
0.46875	0.208333333333	0.28125	0.0416666666667
0.0729166666667	0.0520833333333	0.177083333333	0.697916666667
0.822916666667	0.03125	0.0729166666667	0.0729166666667
0.614583333333	0.0416666666667	0.0208333333333	0.322916666667
0.833333333333	0.0833333333333	0.0416666666667	0.0416666666667
0.322916666667	0.322916666667	0.0520833333333	0.302083333333
0.90625	0.0104166666667	0.0833333333333	0.0
0.125	0.03125	0.552083333333	0.291666666667
0.510416666667	0.197916666667	0.25	0.0416666666667
0.552083333333	0.0104166666667	0.0208333333333	0.416666666667
0.791666666667	0.125	0.0729166666667	0.0104166666667
0.260416666667	0.104166666667	0.03125	0.604166666667
0.25	0.03125	0.21875	0.5
0.229166666667	0.0833333333333	0.0	0.6875
0.104166666667	0.1875	0.0208333333333	0.6875
0.354166666667	0.239583333333	0.03125	0.375
0.6875	0.229166666667	0.0625	0.0208333333333
0.645833333333	0.114583333333	0.239583333333	0.0
0.3125	0.0520833333333	0.270833333333	0.364583333333
0.0833333333333	0.53125	0.135416666667	0.25
0.729166666667	0.0	0.0	0.270833333333
0.0208333333333	0.0104166666667	0.0	0.96875
>motif26
0.34375	0.177083333333	0.270833333333	0.208333333333
0.302083333333	0.520833333333	0.0	0.177083333333
0.78125	0.177083333333	0.0	0.0416666666667
0.40625	0.0416666666667	0.0833333333333	0.46875
0.28125	0.4375	0.0208333333333	0.260416666667
0.0	0.885416666667	0.0	0.114583333333
0.135416666667	0.6875	0.0	0.177083333333
0.145833333333	0.541666666667	0.0	0.3125
0.25	0.520833333333	0.0208333333333	0.208333333333
0.375	0.0	0.0208333333333	0.604166666667
0.135416666667	0.552083333333	0.291666666667	0.0208333333333
0.0833333333333	0.40625	0.0833333333333	0.427083333333
0.135416666667	0.208333333333	0.104166666667	0.552083333333
0.4375	0.364583333333	0.0833333333333	0.114583333333
0.28125	0.229166666667	0.197916666667	0.291666666667
0.260416666667	0.34375	0.104166666667	0.291666666667
0.03125	0.0416666666667	0.0625	0.864583333333
0.645833333333	0.135416666667	0.0729166666667	0.145833333333
0.125	0.15625	0.0625	0.65625
0.125	0.270833333333	0.3125	0.291666666667
0.833333333333	0.166666666667	0.0	0.0
0.0208333333333	0.0	0.0104166666667	0.96875
0.333333333333	0.46875	0.0104166666667	0.1875
0.270833333333	0.0416666666667	0.0729166666667	0.614583333333
0.135416666667	0.78125	0.0	0.0833333333333
0.15625	0.520833333333	0.0	0.322916666667
>motif27
0.552083333333	0.03125	0.416666666667	0.0
0.354166666667	0.0729166666667	0.166666666667	0.40625
0.322916666667	0.0	0.53125	0.145833333333
0.3125	0.364583333333	0.125	0.197916666667
0.90625	0.03125	0.0625	0.0
0.364583333333	0.09375	0.458333333333	0.0833333333333
0.0833333333333	0.09375	0.114583333333	0.708333333333
0.208333333333	0.197916666667	0.177083333333	0.416666666667
0.0104166666667	0.114583333333	0.75	0.125
0.104166666667	0.0520833333333	0.802083333333	0.0416666666667
0.677083333333	0.0	0.291666666667	0.03125
0.770833333333	0.0	0.177083333333	0.0520833333333
0.458333333333	0.25	0.0	0.291666666667
0.0416666666667	0.0	0.354166666667	0.604166666667
0.302083333333	0.229166666667	0.46875	0.0
0.09375	0.395833333333	0.510416666667	0.0
0.104166666667	0.0	0.0208333333333	0.875
0.0625	0.15625	0.1875	0.59375
0.395833333333	0.03125	0.25	0.322916666667
0.0416666666667	0.291666666667	0.666666666667	0.0
0.1875	0.34375	0.46875	0.0
0.479166666667	0.09375	0.21875	0.208333333333
0.0625	0.572916666667	0.0833333333333	0.28125
0.333333333333	0.239583333333	0.1875	0.239583333333
0.239583333333	0.0	0.5	0.260416666667
0.104166666667	0.166666666667	0.395833333333	0.333333333333
>motif28
0.0104166666667	0.15625	0.114583333333	0.71875
0.770833333333	0.0729166666667	0.0	0.15625
0.09375	0.552083333333	0.28125	0.0729166666667
0.3125	0.34375	0.09375	0.25
0.15625	0.177083333333	0.09375	0.572916666667
0.0	0.0520833333333	0.666666666667	0.28125
0.635416666667	0.114583333333	0.177083333333	0.0729166666667
0.0416666666667	0.125	0.625	0.208333333333
0.270833333333	0.0208333333333	0.0833333333333	0.625
0.260416666667	0.416666666667	0.0520833333333	0.270833333333
0.104166666667	0.208333333333	0.614583333333	0.0729166666667
0.4375	0.0208333333333	0.4375	0.104166666667
0.197916666667	0.260416666667	0.34375	0.197916666667
0.0	0.0208333333333	0.0625	0.916666666667
0.0833333333333	0.479166666667	0.1875	0.25
0.0	0.03125	0.125	0.84375
0.0	0.3125	0.65625	0.03125
0.0520833333333	0.375	0.177083333333	0.395833333333
0.604166666667	0.291666666667	0.0	0.104166666667
0.354166666667	0.239583333333	0.0729166666667	0.333333333333
0.21875	0.135416666667	0.4375	0.208333333333
0.260416666667	0.0	0.6875	0.0520833333333
0.541666666667	0.166666666667	0.03125	0.260416666667
0.239583333333	0.0625	0.0416666666667	0.65625
0.0729166666667	0.0729166666667	0.21875	0.635416666667
0.0520833333333	0.21875	0.427083333333	0.302083333333
>motif29
0.666666666667	0.0	0.270833333333	0.0625
0.208333333333	0.791666666667	0.0	0.0
0.552083333333	0.125	0.0208333333333	0.302083333333
0.0833333333333	0.354166666667	0.104166666667	0.458333333333
0.875	0.0729166666667	0.03125	0.0208333333333
0.0	0.75	0.0	0.25
0.135416666667	0.697916666667	0.0833333333333	0.0833333333333
0.0625	0.677083333333	0.1875	0.0729166666667
0.354166666667	0.21875	0.09375	0.333333333333
0.0625	0.0	0.0833333333333	0.854166666667
0.270833333333	0.385416666667	0.34375	0.0
0.760416666667	0.0208333333333	0.166666666667	0.0520833333333
0.489583333333	0.0208333333333	0.03125	0.458333333333
0.520833333333	0.270833333333	0.114583333333	0.09375
0.09375	0.166666666667	0.0	0.739583333333
0.0833333333333	0.4375	0.0	0.479166666667
0.354166666667	0.0833333333333	0.104166666667	0.458333333333
0.114583333333	0.34375	0.28125	0.260416666667
0.1875	0.0416666666667	0.354166666667	0.416666666667
0.0104166666667	0.104166666667	0.53125	0.354166666667
0.34375	0.114583333333	0.145833333333	0.395833333333
0.104166666667	0.0208333333333	0.4375	0.4375
0.0520833333333	0.15625	0.46875	0.322916666667
0.0208333333333	0.0416666666667	0.0208333333333	0.916666666667
0.125	0.0833333333333	0.114583333333	0.677083333333
0.125	0.229166666667	0.135416666667	0.510416666667
>motif30
0.791666666667	0.125	0.03125	0.0520833333333
0.416666666667	0.135416666667	0.177083333333	0.270833333333
0.145833333333	0.21875	0.302083333333	0.333333333333
0.145833333333	0.0625	0.0208333333333	0.770833333333
0.135416666667	0.166666666667	0.322916666667	0.375
0.0520833333333	0.03125	0.0	0.916666666667
0.65625	0.0416666666667	0.208333333333	0.09375
0.572916666667	0.114583333333	0.135416666667	0.177083333333
0.166666666667	0.145833333333	0.0104166666667	0.677083333333
0.145833333333	0.583333333333	0.09375	0.177083333333
0.4375	0.0833333333333	0.0416666666667	0.4375
0.09375	0.03125	0.333333333333	0.541666666667
0.354166666667	0.59375	0.0104166666667	0.0416666666667
0.104166666667	0.0104166666667	0.0833333333333	0.802083333333
0.114583333333	0.0416666666667	0.697916666667	0.145833333333
0.166666666667	0.03125	0.0208333333333	0.78125
0.364583333333	0.5	0.104166666667	0.03125
0.864583333333	0.0	0.09375	0.0416666666667
0.197916666667	0.145833333333	0.15625	0.5
0.15625	0.125	0.197916666667	0.520833333333
0.447916666667	0.0	0.3125	0.239583333333
0.0104166666667	0.0	0.96875	0.0208333333333
0.135416666667	0.427083333333	0.364583333333	0.0729166666667
0.5	0.177083333333	0.260416666667	0.0625
0.125	0.197916666667	0.40625	0.270833333333
0.125	0.46875	0.0833333333333	0.322916666667
>motif31
0.572916666667	0.0208333333333	0.40625	0.0
0.135416666667	0.604166666667	0.21875	0.0416666666667
0.3125	0.677083333333	0.0104166666667	0.0
0.260416666667	0.270833333333	0.145833333333	0.322916666667
0.197916666667	0.0208333333333	0.25	0.53125
0.0	0.0	0.958333333333	0.0416666666667
0.114583333333	0.5	0.385416666667	0.0
0.1875	0.34375	0.333333333333	0.135416666667
0.666666666667	0.0520833333333	0.166666666667	0.114583333333
0.46875	0.125	0.208333333333	0.197916666667
0.21875	0.229166666667	0.520833333333	0.03125
0.0625	0.416666666667	0.427083333333	0.09375
0.0833333333333	0.8125	0.104166666667	0.0
