>ACTGCAACCTCC	5-GGAGGTTGCAGT	10.207368	-10.018795	0	T:179.0(5.50%),B:3.6(1.15%),P:1e-4
0.921	0.026	0.039	0.014
0.052	0.882	0.052	0.014
0.065	0.099	0.001	0.835
0.079	0.039	0.817	0.065
0.027	0.877	0.026	0.070
0.869	0.104	0.001	0.026
0.648	0.065	0.260	0.027
0.026	0.832	0.128	0.014
0.013	0.921	0.014	0.052
0.029	0.026	0.001	0.944
0.013	0.935	0.013	0.039
0.065	0.727	0.013	0.195
