>TGKTCTCAMWCT	2-AGWKTGAGAMCA	9.543532	-12.307859	0	T:185.0(5.68%),B:2.5(0.80%),P:1e-5
0.049	0.014	0.209	0.728
0.028	0.053	0.853	0.066
0.192	0.013	0.424	0.371
0.006	0.043	0.076	0.875
0.026	0.890	0.049	0.035
0.055	0.025	0.001	0.919
0.005	0.876	0.032	0.087
0.576	0.211	0.135	0.078
0.388	0.414	0.181	0.017
0.441	0.006	0.010	0.543
0.087	0.652	0.015	0.246
0.074	0.013	0.026	0.887
