>GGAGGTTGCAGT	5-GGAGGTTGCAGT,BestGuess:RCS1/RCS1_H2O2Hi/35-RCS1(Harbison)/Yeast(0.682)	10.207368	-10.018795	0	T:179.0(5.50%),B:3.6(1.15%),P:1e-4
0.195	0.013	0.727	0.065
0.039	0.013	0.935	0.013
0.944	0.001	0.026	0.029
0.052	0.014	0.921	0.013
0.014	0.128	0.832	0.026
0.027	0.260	0.065	0.648
0.026	0.001	0.104	0.869
0.070	0.026	0.877	0.027
0.065	0.817	0.039	0.079
0.835	0.001	0.099	0.065
0.014	0.052	0.882	0.052
0.014	0.039	0.026	0.921
