>GATGCCATTCAT	17-GATGCCATTCAT	9.679624	-17.993631	0	T:133.0(1.99%),B:134.4(1.01%),P:1e-7
0.066	0.049	0.830	0.055
0.778	0.073	0.066	0.083
0.036	0.024	0.067	0.873
0.073	0.079	0.772	0.076
0.042	0.829	0.061	0.068
0.082	0.900	0.012	0.006
0.861	0.043	0.039	0.057
0.094	0.079	0.091	0.736
0.060	0.001	0.054	0.885
0.069	0.871	0.024	0.036
0.885	0.072	0.025	0.018
0.043	0.051	0.115	0.791
