>NRAACAAAGGNM	4-NRAACAAAGGNM	7.673339	-72.049708	0	T:1525.0(22.87%),B:2133.8(15.98%),P:1e-31
0.240	0.275	0.218	0.267
0.377	0.191	0.238	0.195
0.769	0.109	0.072	0.050
0.874	0.037	0.059	0.030
0.001	0.903	0.052	0.044
0.893	0.032	0.044	0.031
0.828	0.069	0.073	0.030
0.908	0.013	0.031	0.048
0.077	0.123	0.745	0.055
0.203	0.134	0.602	0.061
0.266	0.242	0.210	0.282
0.275	0.366	0.155	0.204
