>AAAGGCYTCTTT	3-AAAGARGCCTTT	7.914411	-112.905928	0	T:1971.0(29.55%),B:2679.4(20.06%),P:1e-49
0.898	0.052	0.029	0.021
0.846	0.073	0.071	0.010
0.577	0.004	0.049	0.370
0.128	0.019	0.785	0.068
0.102	0.121	0.647	0.130
0.104	0.624	0.156	0.116
0.045	0.506	0.021	0.428
0.032	0.132	0.044	0.792
0.020	0.621	0.055	0.304
0.075	0.065	0.006	0.854
0.008	0.034	0.023	0.935
0.022	0.065	0.025	0.888
