>GCTTTCTTTCAG	12-GCTTTCTTTCAG	10.136780	-26.862216	0	T:199.0(2.98%),B:198.6(1.49%),P:1e-11
0.087	0.100	0.731	0.082
0.042	0.804	0.022	0.132
0.020	0.039	0.037	0.904
0.043	0.061	0.049	0.847
0.028	0.065	0.044	0.863
0.025	0.823	0.105	0.047
0.072	0.041	0.023	0.864
0.034	0.049	0.059	0.858
0.090	0.057	0.142	0.711
0.050	0.858	0.065	0.027
0.889	0.021	0.012	0.078
0.050	0.037	0.853	0.060
