>TCCCCCCCTGGC	25-GCCAGGGGGGGA	11.140477	-7.491682	0	T:45.0(0.67%),B:44.1(0.33%),P:1e-3
0.028	0.036	0.034	0.902
0.013	0.840	0.047	0.100
0.050	0.835	0.051	0.064
0.080	0.849	0.023	0.048
0.039	0.898	0.030	0.033
0.079	0.682	0.224	0.015
0.082	0.834	0.044	0.040
0.074	0.807	0.074	0.045
0.042	0.059	0.021	0.878
0.018	0.045	0.740	0.197
0.009	0.031	0.917	0.043
0.060	0.826	0.067	0.047
