>RNCATGTGACHN	1-RNCATGTGACHN	7.197163	-150.787680	0	T:1565.0(23.47%),B:1820.4(13.63%),P:1e-65
0.377	0.222	0.255	0.146
0.188	0.265	0.255	0.291
0.089	0.783	0.061	0.067
0.730	0.192	0.033	0.045
0.076	0.116	0.112	0.696
0.100	0.186	0.708	0.006
0.114	0.001	0.090	0.795
0.032	0.046	0.921	0.001
0.599	0.115	0.136	0.150
0.103	0.608	0.112	0.177
0.333	0.309	0.078	0.280
0.280	0.190	0.234	0.296
