>GCCAGGGGGGGA	25-GCCAGGGGGGGA,BestGuess:MSN2/MSN2_H2O2Hi/1-MSN2(Harbison)/Yeast(0.706)	11.140477	-7.491682	0	T:45.0(0.67%),B:44.1(0.33%),P:1e-3
0.047	0.067	0.826	0.060
0.043	0.917	0.031	0.009
0.197	0.740	0.045	0.018
0.878	0.021	0.059	0.042
0.045	0.074	0.807	0.074
0.040	0.044	0.834	0.082
0.015	0.224	0.682	0.079
0.033	0.030	0.898	0.039
0.048	0.023	0.849	0.080
0.064	0.051	0.835	0.050
0.100	0.047	0.840	0.013
0.902	0.034	0.036	0.028
