>CATCACATGATA	5-CATCACATGATA	9.593302	-55.610366	0	T:252.0(3.78%),B:191.9(1.44%),P:1e-24
0.084	0.831	0.036	0.049
0.869	0.071	0.001	0.059
0.079	0.185	0.195	0.541
0.106	0.781	0.098	0.015
0.917	0.011	0.001	0.071
0.055	0.768	0.065	0.112
0.888	0.026	0.001	0.085
0.064	0.001	0.025	0.910
0.001	0.073	0.925	0.001
0.689	0.050	0.118	0.143
0.051	0.213	0.225	0.511
0.459	0.194	0.106	0.241
