>AAAGARGCCTTT	3-AAAGARGCCTTT,BestGuess:DOF5.7/MA0984.1/Jaspar(0.676)	7.914411	-112.905928	0	T:1971.0(29.55%),B:2679.4(20.06%),P:1e-49
0.888	0.025	0.065	0.022
0.935	0.023	0.034	0.008
0.854	0.006	0.065	0.075
0.304	0.055	0.621	0.020
0.792	0.044	0.132	0.032
0.428	0.021	0.506	0.045
0.116	0.156	0.624	0.104
0.130	0.647	0.121	0.102
0.068	0.785	0.019	0.128
0.370	0.049	0.004	0.577
0.010	0.071	0.073	0.846
0.021	0.029	0.052	0.898
