>ACACAAAGAACA	7-ACACAAAGAACA	10.200032	-37.271770	0	T:222.0(3.33%),B:198.8(1.49%),P:1e-16
0.963	0.001	0.018	0.018
0.126	0.754	0.077	0.043
0.921	0.043	0.001	0.035
0.001	0.869	0.061	0.069
0.946	0.018	0.035	0.001
0.972	0.001	0.026	0.001
0.980	0.001	0.018	0.001
0.001	0.018	0.980	0.001
0.946	0.018	0.035	0.001
0.963	0.018	0.001	0.018
0.049	0.880	0.028	0.043
0.918	0.070	0.001	0.011
