>TAGTGCAGGAGA	21-TCTCCTGCACTA	11.783445	-14.254958	0	T:20.0(0.30%),B:4.1(0.03%),P:1e-6
0.090	0.194	0.170	0.546
0.784	0.067	0.060	0.089
0.098	0.091	0.712	0.099
0.064	0.027	0.045	0.864
0.042	0.086	0.690	0.182
0.079	0.779	0.071	0.071
0.701	0.018	0.027	0.254
0.076	0.027	0.817	0.080
0.073	0.054	0.790	0.083
0.742	0.025	0.193	0.040
0.084	0.067	0.795	0.054
0.784	0.081	0.043	0.092
